positionError,rangeError,velocityError,azimuthError,elevationError,dopplerPeakPower,dopplerpeakToAverage,isLos
1.76738322548983,1.81970818202331,0.111539859288217,0,0,6.79418256056336e-05,22.7303804626898,1
0.0294380843911253,0.121073047529421,0.110898085571351,0,0,1.80401459326387e-05,16.1705826009304,1
0.165520528937864,0.0691211312939117,0.28964785028262,0,0,3.87245183864106e-05,19.5875575126069,1
0.815849968965068,0.89949347832345,0.484117541333873,0,0,2.97553519434899e-05,20.0634664843469,1
1.12450620834992,1.04212345986082,0.80161994371623,0,0,2.35735092455871e-05,20.4457337006384,1
0.800190475638516,0.888180695023266,0.164203871037206,0,0,4.12017606235818e-06,17.5843024219665,1
0.997759749413818,0.904146692252368,0.182365567690844,0,0,7.3900892850515e-06,18.738523066908,1
1.13815061669268,1.22731501127771,0.111855605517944,0,0,1.67540640773427e-05,20.3187236849184,1
0.0985234390139351,0.0256838512459012,0.170234482277253,0,0,2.49835896480346e-05,21.3304862632156,1
1.77299293602254,1.70954708846662,0.0516454629249647,0,0,2.08102088027318e-05,18.6394813236349,1
0.921433714083765,0.987061598718924,0.374511456872426,0,0,4.55240611433105e-05,19.139969095902,1
0.986947706264517,0.925209365813004,0.252823560980331,0,0,5.57722495244072e-05,21.8598597785058,1
1.78120029584955,1.69898214933693,0.109513048345718,0,0,6.94430239171274e-05,20.8267343145461,1
0.00844065636289485,0.0943211924658272,0.0769914795337776,0,0,4.31818563566813e-05,22.0242263744541,1
0.880941081166487,0.973218117827003,0.138962617481702,0,0,6.01178923518375e-05,21.8584794528485,1
0.0382363182843298,0.108716432095491,0.276001779565724,0,0,0.000112591072368959,23.5639013623714,1
0.0617049582210224,0.0264211616327543,0.536899184262873,0,0,3.77232278313165e-05,22.3431292899918,1
0.027435923188947,0.089184855956006,0.722634829295124,0,0,0.000133067187505097,24.078953596863,1
0.0962027599587884,0.0160308336416506,0.0702496809557278,0,0,5.14036154753911e-05,18.7957073683691,1
1.81605986940713,1.8835360306158,0.407133723398637,0,0,4.17837078849725e-05,18.8607512076612,1
0.138596252179417,0.194113105482984,0.478896973236453,0,0,8.33055420357843e-05,25.7383700288965,1
0.943878061718288,0.853255858332489,0.124142037956983,0,0,2.43468695405517e-05,14.5382948492536,1
0.109281105036046,0.182659377513517,0.471271328472358,0,0,4.89592945163216e-05,23.017135461807,1
0.168266068840302,0.255697236309629,0.516140486835077,0,0,1.94660643001211e-05,18.7010993741112,1
1.14591466065944,1.21072930518747,0.123895354720055,0,0,0.000100665607377833,21.1242109412732,1
1.76907988290654,1.70257334418147,0.282820812746936,0,0,2.74609288156718e-05,20.5542865087055,1
0.883727200985309,0.963510284373285,0.254481131377638,0,0,0.000175108381686538,22.6050686242817,1
0.858235030472976,0.956562906588431,0.499806601435264,0,0,2.98608032368321e-05,21.901617045486,1
0.144583406703569,0.217997978136395,0.399724166267355,0,0,7.76960429837324e-05,22.7257462420282,1
0.13478021680447,0.208868522318113,0.441945078724146,0,0,1.64100199167654e-05,15.7146268968359,1
0.16206898961354,0.248679854659031,0.426347171931837,0,0,1.52716922789215e-05,17.0607516559347,1
0.0316918085412157,0.0511801262681502,0.49807226730228,0,0,4.34209229419153e-05,22.8904576923569,1
0.0308406462990146,0.0512899809966711,0.633955927895594,0,0,3.29268067848094e-05,22.7803667717671,1
0.0215256871308445,0.0540910866950526,0.725516928323629,0,0,5.34039174911012e-05,21.1907628986907,1
0.897574869069346,0.81087577960551,0.506274629984188,0,0,9.88434831919366e-06,13.9857709293527,1
0.103938917012194,0.163462207216526,0.437808358132003,0,0,0.000278822523843717,24.5422513366597,1
1.64766445399055,1.56694561886013,0.783997896873791,0,0,2.53046580931348e-06,15.021232196994,1
0.165323497247727,0.250179025454145,0.737976642074709,0,0,2.26106835562296e-05,14.1522513881829,1
1.01835336985265,1.08300337951667,0.719510904535891,0,0,5.92826951657767e-05,23.0702209402771,1
1.87165371939003,1.80174914977658,0.446911421335507,0,0,6.89504504109039e-05,20.9501027309946,1
0.976358001683535,1.03517102074053,0.816729408599215,0,0,2.51168460534333e-05,21.7647869527894,1
1.05145686429936,1.12074005982691,0.218835811828743,0,0,2.10845210659824e-05,20.5234366107153,1
0.0801889169772333,0.171638526066147,0.62046634135649,0,0,1.41593242547894e-05,18.2442730057999,1
0.0551562016210317,0.00745077217845846,0.492013691745687,0,0,7.33366665369885e-05,24.4424243636765,1
1.78919120991185,1.86308537806491,0.368555646452656,0,0,6.32331564607969e-05,20.5332365196626,1
0.923760023984489,0.865234470195162,0.575703079475272,0,0,0.000245054843305147,23.2865607897884,1
0.0369026982894145,0.0341868029845216,0.250011236460738,0,0,0.000105496012112898,23.7382081796704,1
1.04731837520131,1.1171640512699,0.00208482051068515,0,0,0.000114822948192859,22.1321072323387,1
0.191871412018639,0.266072684183939,0.71686080893047,0,0,3.73875417430862e-05,17.1788310228963,1
0.792468734407945,0.888141751844785,0.101499592591146,0,0,1.40595493438084e-05,14.3404792440285,1
0.117683915152766,0.0445363244251098,0.105387299434654,0,0,3.09779732324806e-06,11.2234936298684,1
1.04980582146229,1.1362777137,0.313187865944341,0,0,3.29563978940945e-05,21.2307131741714,1
1.01428990383759,0.947475593946848,0.525634227265791,0,0,3.21030447581632e-05,21.7271108273387,1
0.859613222278122,0.933098562168567,0.326508683088416,0,0,1.02503785758383e-05,16.3378898540245,1
1.13026531636085,1.21736633725203,0.706153295195324,0,0,4.53445413830176e-05,13.9823346345622,1
1.06502619390227,1.1236917380925,0.753271083463073,0,0,2.1348005819165e-05,17.7844335074428,1
0.157241174889,0.0678159526004265,0.471662488763253,0,0,5.55853034264904e-05,18.3532021676004,1
0.995540130287569,1.08046248340429,0.55786411477342,0,0,4.85351479718284e-06,15.9830111449288,1
1.83766602690581,1.74448054905901,0.217374542329679,0,0,1.55312766773201e-05,10.8750272884484,1
0.881365841920173,0.794226662234166,0.634507690951762,0,0,7.08383114817371e-06,12.2376696173936,1
0.129190248363782,0.0495447744734747,0.500914460769952,0,0,3.33439290619587e-05,20.0404112771438,1
0.918752473260951,0.836255696514854,0.406348336062434,0,0,3.64859208167364e-05,22.2040281471472,1
0.524490962167797,0.430682573977435,1.82157747759766,0,0,1.08000463220801e-06,11.4786725988428,1
1.60116572836139,1.51003756217142,0.207787722181455,0,0,3.65922110487885e-06,13.3649544049365,1
1.76708928774676,1.86137891212644,0.187971254615097,0,0,4.73053402153604e-06,16.9002055911264,1
0.949591464563396,1.0334154918915,0.757135082395578,0,0,9.01612753424434e-06,15.8766436757948,1
1.82816843229794,1.73643497943806,0.167826675492865,0,0,1.75097563105907e-05,12.0956975484307,1
0.883845292712529,0.958915040379765,0.144134227683724,0,0,6.91469852872852e-05,22.5504349587597,1
0.0174230837294267,0.0820543920604564,0.638733350695793,0,0,6.93600364500726e-05,23.7407894662171,1
0.111898801393979,0.0543218524605322,0.728153736283089,0,0,1.60756926295819e-05,23.1384434268371,1
0.989179014603397,0.914915540733745,0.688142403076306,0,0,5.92837432580246e-05,22.2680935893546,1
1.78475923662696,1.69065006423199,0.563103819492994,0,0,2.70418292659113e-05,18.4055963696521,1
0.8640932540752,0.786922615200581,0.490137312145027,0,0,4.62461729016978e-05,21.3004428752096,1
0.00203077953640503,0.0733799692664832,0.146832576851477,0,0,4.68749381823154e-05,22.9650420683338,1
1.15600618289857,1.07868630427134,0.403446735148092,0,0,2.99920199356921e-05,21.4207705102965,1
0.125136308569095,0.195009794956633,0.201634039981028,0,0,0.000123537501204146,23.0536889363503,1
0.875733864567327,0.780241540766099,0.356118620029936,0,0,7.27343272269732e-06,7.89132240029569,1
0.0836541480056461,0.0300585730215914,0.884513709248394,0,0,5.68907320912021e-05,24.2159784267417,1
0.0317689694004049,0.110879632095305,0.0737204276752177,0,0,6.09343206349477e-05,23.3169306569823,1
1.12679336856732,1.18336457104431,0.325423299716875,0,0,7.96837697360984e-05,23.0606462807614,1
1.76787727878919,1.68172007927092,0.893507487661017,0,0,1.59403431696611e-05,5.93262312885188,1
1.06452098412803,1.15486505464139,0.636335090045012,0,0,9.03075784683181e-05,21.0828995456294,1
0.157401655748869,0.0655143084638894,0.240487460880378,0,0,5.43611418659519e-06,7.00980548967065,1
1.76953353659665,1.84761089138254,0.568956959809785,0,0,8.70468104269916e-05,18.0335722406787,1
0.888809974387048,0.808956966055632,0.00618457895464708,0,0,9.38826743213372e-06,21.9010662628745,1
0.900289962101593,0.803718051638839,0.701319248317623,0,0,1.48087189137061e-05,19.096643926397,1
0.800454463288654,0.876900543171445,0.357107368403517,0,0,3.00244333047597e-05,19.3927702254284,1
0.0066795394938456,0.0722803339581901,0.744546997015153,0,0,8.38810729387632e-05,23.7212277218666,1
0.962939688317733,1.02972345941799,0.602496094091634,0,0,1.7083609955254e-05,18.3339494411891,1
1.81284821311763,1.90186041684996,0.0182385794323316,0,0,4.0646048337581e-06,10.6569293487622,1
1.08423096024425,1.1650509347881,0.72490215930384,0,0,3.35861431857594e-06,12.383401718172,1
0.844588893685989,0.781174240199221,0.537960230197027,0,0,9.09128254891423e-05,22.7442931146844,1
0.99052160154952,0.917520816151381,0.116083916847206,0,0,8.1302538957726e-05,21.7947358624836,1
0.0997559479566235,0.0380202302606847,0.716058341744722,0,0,0.000192686458831725,25.3745460740306,1
0.975590258050419,1.0592842250694,0.510056488694078,0,0,1.46949709081936e-05,17.9440507632581,1
0.127208020655541,0.210935119969236,0.0354118374222949,0,0,4.00247738303476e-05,20.4453274235971,1
0.938360379580242,1.00999929733561,0.33619821159504,0,0,0.0001028725524181,22.8742542779096,1
0.982992136330824,0.902753198623316,0.510471543157863,0,0,8.41500742905952e-05,21.4176189207613,1
0.151265873029641,0.0546653519515417,0.575329005865548,0,0,1.40059921287034e-05,19.2211695400893,1
0.897773457140416,0.818952424533506,0.787769737703375,0,0,3.7224182678602e-05,22.3089872689603,1
0.157283216335454,0.228893791189023,0.552194330432049,0,0,9.05869535709051e-06,9.71159751161391,1
0.140328380492301,0.230862921379241,0.239415201936074,0,0,1.50182386348326e-05,19.4573884631768,1
0.815724043036455,0.727700143545064,0.155163942870786,0,0,2.88533243366745e-05,22.254147131191,1
1.10579821647192,1.19770598533336,0.455478103569664,0,0,6.18714181815725e-06,3.71509289742904,1
1.04073547899192,0.969379585150847,0.105008674593284,0,0,3.18807627643801e-05,21.1735548793541,1
1.12829365444497,1.20816847370253,0.597406686601134,0,0,2.70342935531243e-05,18.3683741964373,1
0.785174999074773,0.707671983802754,0.143747725919324,0,0,1.53599220772598e-06,3.94135002762067,1
117.272558581536,117.179570310628,0.763291421603107,0,0,7.44289617752721e-06,15.1968296044448,1
0.127066853926154,0.218769142267433,0.674726022588274,0,0,7.8147929638559e-05,17.9546785845741,1
1.79729493656348,1.74156736720013,0.269176922476079,0,0,4.85500776731031e-05,22.7686751495414,1
0.0244781331154048,0.116885044878359,0.140357482033011,0,0,2.69940166697818e-05,21.5117177174567,1
0.126348366619163,0.198458962544748,0.464450530679871,0,0,2.75730298959425e-05,20.9465660446481,1
0.847708927042984,0.764964926873915,0.432333285072446,0,0,1.54951519414842e-05,21.3201091692659,1
1.77700325794724,1.69199864618673,0.212033583396632,0,0,1.52098784883633e-05,20.5902477816086,1
0.143443874917635,0.208176956369641,0.229590918699295,0,0,1.0560147107821e-05,10.1877530437635,1
0.0250519087513539,0.061941671030695,0.0892344544388264,0,0,1.60636980566018e-06,12.2758580296817,1
1.79649938170881,1.85891221309996,0.57741853203769,0,0,2.2878233459216e-05,19.4856580478699,1
0.226025526109579,0.149552611383399,0.209475125185832,0,0,7.98221080070966e-06,16.4829297324747,1
0.893053414375394,0.948411184242929,0.180333000434249,0,0,8.11770634986149e-05,24.0697726001901,1
1.20158397543802,1.11109432159714,0.66793270200235,0,0,2.13035936522186e-05,20.2313574500034,1
1.07047773342929,1.14678555415324,0.525021914802764,0,0,5.77563963791096e-05,21.9643193287608,1
0.968106928780124,1.04382401848346,0.211628067279674,0,0,3.06958026142056e-05,22.3874532854685,1
1.10352640356486,1.19691293466963,0.658094639221488,0,0,1.54981249694744e-05,16.7196680393213,1
1.06269449464904,0.984999437080319,0.710337992783116,0,0,4.96694646867995e-05,21.3235853828027,1
0.0841817494050047,0.175813411087233,0.565759176495103,0,0,7.96233221274483e-06,20.442437861886,1
0.159937762695578,0.0808856558952016,0.764414674973995,0,0,0.000123924964763869,23.0854732652591,1
0.172739380186351,0.256189875960047,0.51153824324402,0,0,1.97932637225438e-05,20.5717310005233,1
1.14469232768169,1.06850314033383,0.469687437077019,0,0,1.52606483010489e-05,21.1026620204917,1
1.81955892447635,1.74473759797289,0.255065118205092,0,0,3.3945916412337e-05,20.7799364006865,1
1.08774445060503,1.14598577809684,0.503703592091685,0,0,3.98310476701603e-05,19.406741476561,1
1.09427153049206,1.00158506223119,0.25957186754019,0,0,9.60962196397963e-06,14.6371931082946,1
0.990525675929848,1.06034228626874,0.504459739482463,0,0,9.1819599016903e-06,18.5401411004947,1
0.0539671231541683,0.0314706424743463,0.0994556121690846,0,0,0.00023552171366159,22.6547648574318,1
0.122226752212152,0.209054256217655,0.556511943665559,0,0,1.2783372435215e-05,19.3797762109691,1
1.0577149585754,1.13895670789441,0.132964845765138,0,0,4.38615751552009e-05,21.2677722681002,1
0.133162450715534,0.0524892567942175,0.474193635737809,0,0,7.7822703339764e-05,22.7187724088076,1
0.988810316303697,1.05017930781915,0.550724494005991,0,0,3.48764763741879e-05,22.6203624391595,1
1.79754598466177,1.85929872692572,0.744618025002753,0,0,9.33546962589897e-05,21.8851135012676,1
0.883944274659045,0.967879347415305,0.534424440255741,0,0,5.12663060191759e-05,22.1372929668381,1
0.918274285261958,0.852336761756021,0.00711189256903566,0,0,0.000161913832876646,23.1825636675818,1
0.112588441525896,0.0216718673084983,0.00299159835699747,0,0,2.40782017934811e-05,21.2330741359114,1
0.830918160049587,0.753262625978948,0.259853773359898,0,0,0.0001119600685249,19.098915089117,1
0.876142818045174,0.929244489425514,0.45950463472042,0,0,7.76126892208224e-05,19.7413253169384,1
0.915089535608367,0.834901843996306,0.345334348519842,0,0,7.86944998738388e-06,21.5931889305303,1
0.0975849686333252,0.172194560819179,0.144353613363673,0,0,4.50505530946771e-05,22.8038745996034,1
0.960090678164014,0.871641296593282,0.19448366425027,0,0,3.41624444454999e-05,18.2542417359728,1
0.992006710906117,0.915580829375415,0.775062839837958,0,0,4.12509289432963e-05,22.1266972598409,1
0.535026469834072,0.475659223832849,0.0167892413028276,0,0,1.10638182399426e-06,5.05817193876248,1
1.13318904566172,1.22446813001125,0.500029327725315,0,0,1.32125269374891e-05,19.4633273587189,1
67.2505212902157,67.1401400591557,4.61806836241394,0,0,7.13469859923186e-06,8.39820248333857,1
0.902462158665055,0.811778196325122,0.213437606190252,0,0,9.51469270227771e-06,19.7419884431032,1
1.79213366384442,1.73163732140847,0.718577050341291,0,0,6.69870324434351e-05,19.8990869281946,1
0.935283582958657,0.852253360161853,0.134143810776136,0,0,2.84191909243156e-05,21.9470834491808,1
0.84623328185069,0.77504241293019,0.298843745082491,0,0,1.40635597577608e-05,21.045571656939,1
0.0957763699893125,0.17570776493767,0.0428102627678602,0,0,5.54078664750779e-05,23.0592232177501,1
0.0631346755915179,0.0148435973410983,0.205551660297022,0,0,9.33099231129766e-05,23.2233161528192,1
0.0454513706901395,0.00871841272135043,0.336282639449739,0,0,0.000495026804874882,25.6512315643497,1
0.899021617352992,0.984680533388655,0.277011563693348,0,0,7.21339409829766e-05,18.1956945523286,1
0.809601286999378,0.895534189888792,0.532155492206363,0,0,1.79121714651342e-05,16.247487225831,1
0.890569232178786,0.82232465239548,2.0409763996472,0,0,1.04568229270515e-05,15.8571466336301,1
0.996907134897063,0.916023475249574,0.024467065176708,0,0,3.07676659532179e-05,20.9057247216052,1
0.891791346369462,0.809984289299223,0.699958955013049,0,0,2.20437760722138e-05,13.0541083215471,1
1.0996249807512,1.18389466860583,0.375729367493879,0,0,3.41327177234513e-05,20.9447403928684,1
0.976644786857235,1.058547536113,0.199878260888857,0,0,3.0324341718818e-06,14.1976178557234,1
0.833177276932746,0.742036572414463,0.156425604963687,0,0,1.79274664152739e-05,21.857571595402,1
0.895565244360478,0.834938300521401,0.491971595272234,0,0,0.000153520875399857,24.0633904704449,1
1.16206229914796,1.25370641244336,0.443594563905098,0,0,4.74405130221627e-06,2.92623031228529,1
885.215699131599,884.863152952606,78.0575492020367,0,0,3.83039054384187e-06,2.21160161351389,1
0.14134674052927,0.0560107688016842,0.177255185548672,0,0,2.40972708260243e-05,20.3884316558968,1
1.06074502778497,1.15496887161152,0.59158699025566,0,0,1.91853483678045e-05,15.5567220477213,1
0.190555710755347,0.243684478682752,0.753910011310545,0,0,0.000128898985289754,23.8223184066111,1
1.09167719693383,1.02211313492236,0.119707106423596,0,0,2.41598017685519e-05,20.4995521723509,1
1.02074646503962,1.09238142508241,0.789519680668946,0,0,6.42023392764547e-05,22.2868431337708,1
0.831579603871756,0.885659091817757,0.47481971712976,0,0,5.60404956288309e-05,17.1190976655415,1
1.01625417355901,0.955671532015032,0.18600863713947,0,0,7.40383866043638e-06,15.8770329179091,1
0.907969552550656,0.96995147451787,0.218313133973016,0,0,0.000137078526746878,23.1966707355181,1
418.319348311062,418.112802719752,12.4799062448879,0,0,6.25715612578325e-07,2.30320799769808,1
0.858642302242539,0.938010860105919,0.138485672109338,0,0,5.75787493424461e-05,21.5366496978038,1
0.980246433903906,0.927283474331176,0.411708847848566,0,0,6.57148852697739e-05,19.1421085444718,1
1.04194217107629,1.10233347675961,0.791517067504035,0,0,0.000146295237726759,21.9394267011015,1
0.136371451059097,0.196589185725855,0.0578596870098025,0,0,0.000130654948645492,19.7630160972755,1
1.15501008013744,1.23875385450242,0.133405646553541,0,0,2.23886954308608e-05,20.6815373794271,1
1.77253412431255,1.85112468432982,0.0503778561341797,0,0,1.77381888759027e-05,20.7972665553543,1
1.79927909219949,1.72139385489567,0.0136749409097092,0,0,2.58623944487e-05,17.9308984344081,1
1.00462576008597,0.926631385850555,0.511012796293411,0,0,6.44951702225539e-05,21.4819101707229,1
0.9081572261228,0.83438628288215,0.530453803154458,0,0,1.23067303065748e-05,17.254015132188,1
0.890700448271867,0.956142499605676,0.36565926394446,0,0,1.23779387916215e-06,10.9272900272553,1
1.82167726567011,1.88742173480668,0.239462654396014,0,0,1.44253122169377e-05,18.8575633882657,1
1.11747287426188,1.20827995625689,0.465571098693843,0,0,1.47276951024005e-05,11.6627899990009,1
1.81678904220159,1.73090277325815,0.654772612172327,0,0,3.38011472275522e-05,20.0097321235254,1
0.090524375704396,0.168837571883159,0.0223945293977907,0,0,5.3336145043071e-05,22.7483741298628,1
1.10134213631475,1.01492187858167,0.408038629281135,0,0,4.78471703270115e-05,20.2079193156183,1
1.05744418243886,0.994576537241755,0.414825149548936,0,0,0.000105045098072651,22.7119243167319,1
1.04469968022589,0.986647147519193,0.283236779667889,0,0,0.000229573104266537,23.0049113156328,1
814.869441503236,814.537812773159,42.1634202698685,0,0,2.02149751006626e-06,2.22582652690074,1
1.82560328045855,1.76323605996427,0.0419432750436225,0,0,1.65283466651676e-06,9.50105328076809,1
0.9321542044075,0.843523860475898,0.514674729966527,0,0,7.17117302656891e-05,20.5751081959995,1
0.918106950425839,0.832424240284922,0.25645127481895,0,0,2.35464873264747e-05,19.6881602420375,1
0.121169236319704,0.0419704389883577,0.261146071902567,0,0,6.00845660251044e-05,20.9185391105586,1
1.07354204045996,1.13734235905551,0.690016936998317,0,0,2.79419967322828e-05,22.4760227129386,1
1.06702030273123,0.974736986933351,0.0276636197699183,0,0,6.89944847418639e-06,15.0639476362481,1
0.850319773130636,0.781782938605602,0.562262161161396,0,0,9.91929857067634e-05,18.2944915253628,1
1.07489240335921,0.994805816855603,0.683038070235654,0,0,4.75077127347266e-05,21.2054073427404,1
0.90332468921883,0.817022383955759,0.158728954191005,0,0,2.7308580500313e-05,19.3650455413849,1
0.0307680596918958,0.0955542268017666,0.532864459212595,0,0,7.42928274645448e-05,16.3258213731349,1
0.0914510186916602,0.14647839566365,0.362618208422107,0,0,0.000186001987679732,24.2747411692766,1
1.0551951934981,1.13187486184876,0.00745548050610623,0,0,2.00627966388267e-05,21.1783889552414,1
0.883158414717861,0.792350821409968,0.484442008818837,0,0,2.59410945959236e-05,15.34443506367,1
0.060413874923756,0.019019490262508,0.126161026557237,0,0,3.26210709131033e-05,19.9405518688727,1
0.0352838750008377,0.0508796448372664,0.410883064936847,0,0,2.22828763994041e-05,15.9551552152617,1
1.0399440034803,0.978005341928395,0.0408757038979881,0,0,7.6069598530747e-05,22.6585119239176,1
0.857052848173128,0.93995392964564,0.126727741450035,0,0,1.44659037645612e-05,20.5755410226772,1
0.110790839048106,0.164866123738676,0.299463373823992,0,0,5.69742805370107e-05,25.1586317566764,1
0.817221431515888,0.763856817712735,0.114374322805838,0,0,0.000194132913680239,25.5397433754712,1
0.830168766353142,0.921101118970228,0.0676010228443928,0,0,7.04661201174641e-06,17.1803859088199,1
1.0567785467584,0.962552547924304,0.770998464354689,0,0,5.49251116298321e-05,19.6862586559471,1
0.169613160570654,0.0790823842564237,0.159013906938524,0,0,3.48926087292273e-05,21.844929106939,1
1.80528277416962,1.88633799596892,0.716859385133887,0,0,7.75845568723626e-05,20.7848520335865,1
0.0622309515377366,0.0162538002435326,0.133289456737639,0,0,1.19886023230804e-05,21.8176618248261,1
0.881276982154134,0.94578955408528,0.288830800872687,0,0,0.000252120224825843,23.8064146731264,1
0.972739992780539,0.890177041712093,0.519477585681102,0,0,0.000146519579835925,21.3651855823121,1
1.03660918539711,0.953402887503728,0.653628140654355,0,0,1.22748022531678e-05,21.404513795687,1
1.82494801742423,1.88178675700482,0.721141813482113,0,0,4.00023356753715e-05,21.3829672204487,1
0.841887079383887,0.764622918384021,0.519601856220007,0,0,7.26381336217745e-05,21.1470119076362,1
1.01749089468845,0.920680146834343,0.0677133765864526,0,0,4.00131279746106e-05,20.1742409601644,1
0.828111372081174,0.897684691392072,0.0311838750283115,0,0,2.9134004742978e-05,18.5581905522495,1
0.902163126666711,0.828108926047889,0.637778311131519,0,0,8.26235911408885e-05,22.4825351133584,1
0.801120998624992,0.73279228006615,0.252506661814152,0,0,5.20076282010136e-05,22.9427631401952,1
0.0683948476794789,0.015461065201265,0.374813492307591,0,0,0.000328163771576374,25.365154618346,1
1.16841129907847,1.2519799086873,0.35938209880245,0,0,6.71070978173507e-06,15.3914273660743,1
1.77602042304774,1.69511667000256,0.1348540046297,0,0,4.52147349030132e-05,20.7283333447912,1
1.80365426991271,1.74614021318058,0.371753951265019,0,0,0.000141618527764426,22.4758405164732,1
0.0924611233795255,0.18800009736816,0.767234372635317,0,0,1.51800857483237e-05,13.15053052558,1
49.9900925694832,49.8831735221556,0.480361208417592,0,0,6.94791995874197e-06,12.9531805920112,1
0.828632192545934,0.899323790517741,0.451024750178246,0,0,3.11748135699503e-05,17.0696083242877,1
0.881566046653223,0.973550340696931,0.747711035219865,0,0,5.86191647514097e-06,6.87434392247102,1
1.00481304917559,1.09337096161863,0.539239938669422,0,0,2.11116289490989e-05,16.8312125532783,1
1.08808788421746,1.17950318526579,0.446631795871184,0,0,3.47941421097908e-05,20.9576305043919,1
1.09574239404286,1.04268827866122,0.734446230386238,0,0,0.000272456812791591,23.7626978964387,1
0.81855402810686,0.890706150516934,0.213738493137459,0,0,7.54169182406628e-05,18.7257596553389,1
1.05582776673125,1.13081556071927,0.17726154200659,0,0,1.96353587703082e-05,21.6513545370243,1
0.84120425346802,0.915263337163367,0.553872836302714,0,0,7.71889097579995e-05,22.6000667610158,1
0.146912415381501,0.204482925473314,0.0900405904120456,0,0,8.17533155071896e-05,24.8426618604699,1
1.09914171162934,1.01157381068003,0.343579033455764,0,0,3.85260074938373e-05,21.1525753460599,1
0.988671314444293,1.07511542270089,0.667314388400733,0,0,4.01152673137831e-05,16.4145333868122,1
0.961573020916791,0.900705921727933,0.53690124519976,0,0,4.60786372993565e-05,22.2899434048667,1
0.0702455174519417,0.140102720169892,0.787609048119071,0,0,0.000175716465044816,23.6726769929923,1
1.02682720274806,0.936430024871697,0.472606783995028,0,0,2.59986736005442e-05,20.4149990817968,1
0.945272004211227,0.86396263081258,0.264326486583444,0,0,7.57246323774841e-05,19.9405872386218,1
0.154864887573512,0.230779193016673,0.441342782188196,0,0,0.000170786394243002,22.9412259168795,1
1.09853547517312,1.17416096394626,0.0880320628812727,0,0,2.76201159258505e-05,20.1655228277282,1
0.0339584625013195,0.0241079323441795,0.39011616443757,0,0,0.000184455077903483,25.7284417720293,1
1.08095565001109,1.01035357712317,0.128038047729754,0,0,2.67932800396595e-05,17.8282433380617,1
1.07619578740886,1.16779489402535,0.409109257451332,0,0,1.87855469663308e-05,19.3720963581968,1
0.152886580814241,0.243828651160754,0.186380478284534,0,0,8.5704147982396e-05,22.1109524233087,1
1.04450951894705,0.973077123012501,0.0112054038934346,0,0,8.74305848747599e-05,22.4132669802014,1
0.841820902383743,0.769630664445373,0.587111201675626,0,0,8.72854999497066e-05,23.0337403608279,1
0.995914350742402,0.911355489777804,0.302255722325054,0,0,2.4586079927501e-05,20.281930476572,1
1.07755427177886,1.16783754423977,0.076476075357121,0,0,2.21265462791615e-05,19.9240038594831,1
0.0578575125940594,0.133954052131543,0.295063347201322,0,0,5.80030991615519e-05,21.8879207427053,1
1.03798568066068,0.936695435195475,0.603568512089301,0,0,1.62872273168938e-05,17.7531696511495,1
0.168766576394627,0.236737031286395,0.476462298438744,0,0,1.39695708237097e-05,20.2655665824918,1
0.140575107038279,0.236590159606408,0.573794287575233,0,0,4.26404762505142e-05,21.9632732332282,1
0.0423920288484129,0.119682688563614,0.571815460021217,0,0,0.000149874487029091,23.4138000209296,1
0.957864266841333,1.03692178538643,0.620392897056519,0,0,1.96295300589332e-05,21.5475433061193,1
0.937993820828815,0.855958866145045,0.432626871000842,0,0,8.03187043996187e-05,21.7936709235539,1
0.827669587739168,0.745897213632247,0.747207594388101,0,0,4.17612611241104e-05,21.1336845589943,1
1.11457164106395,1.19559926406191,0.206452674874075,0,0,2.06310606185455e-05,19.4420105867213,1
12.1754810655163,12.114631858197,1.25829778570429,0,0,1.31653375673294e-06,10.8576606112849,1
1.78573971418772,1.72301881034133,0.48866657495625,0,0,4.86296826663994e-05,20.3696991317546,1
0.0799619241258459,0.145389430424814,0.111349389459208,0,0,1.96329566915245e-05,14.7714004546197,1
1.02644014984671,1.10198804959808,0.0956024854050215,0,0,4.33099177640899e-05,21.3389605811895,1
1.07082516335081,1.00961406174702,0.564029163725501,0,0,4.58928820232234e-05,20.4573619573032,1
0.933127483793224,0.851397944485427,0.616002486774423,0,0,2.96042008925877e-05,21.378878288286,1
0.877353449091252,0.806952866826151,0.500280858823311,0,0,0.000124546713960478,21.2071607273094,1
0.834073408519282,0.917145744487811,0.583481782968448,0,0,2.60124621361704e-05,21.5993990575188,1
0.940667451264802,1.0272796749332,0.692719165387921,0,0,2.66702985588008e-05,19.5955721335162,1
0.0696680158601869,0.0133148611526792,0.550134481165275,0,0,0.00012939301387152,25.0931970761821,1
1.15430711653365,1.2361384596482,0.748498465502847,0,0,2.23765952260368e-05,16.5719897315766,1
0.115524535086182,0.190124917662644,0.420133579703815,0,0,0.000121768816146396,23.4995126027848,1
1.17745564307045,1.10471717124003,0.746556829669228,0,0,1.20612996165568e-05,19.7209940977997,1
0.15664162225849,0.0751137057396818,0.346913127656112,0,0,7.86919499190167e-05,22.1164655133163,1
0.0333394294569209,0.127047442577975,0.331653540175315,0,0,6.9131280662824e-05,22.0727681190512,1
0.169678314967612,0.113484142302809,0.445754034776691,0,0,0.000115233278934637,25.1867000301141,1
0.0636173291058968,0.124722667513623,0.150821569088684,0,0,8.02492988864468e-05,24.6667145850195,1
1.0864209643188,1.1456872417979,0.0552322750916865,0,0,0.000147212775323595,22.8036671816686,1
0.912292563997307,0.969866576378791,0.187134127487555,0,0,6.90143044381863e-05,23.4578787882539,1
1.03816788013708,0.984072741850753,0.545436824539238,0,0,9.12061957514896e-05,23.3275236669189,1
0.927976360242231,0.845181575454376,0.0418814234055735,0,0,7.53570616032966e-05,22.1259442420256,1
0.0180878833018281,0.10994343259614,0.294106555294754,0,0,1.69992789313789e-05,14.5884129973625,1
1.03708957365167,1.10197238259707,0.975748962852187,0,0,4.83783686343789e-05,14.3945982270091,1
0.0311127022813685,0.0490873838468247,0.332126502438548,0,0,2.33891419695169e-05,23.0279467503128,1
1.04457284645614,0.975670976992689,0.485020276739644,0,0,2.14067623469258e-06,12.8580049292785,1
0.105602298749629,0.00769443530549552,0.302502300110184,0,0,0.000178687791897216,19.9508581391004,1
1.81146659251671,1.89937260663407,0.0956221934659158,0,0,3.94135691441908e-05,20.0038535365095,1
0.999965920363527,0.933302189526557,0.744442287909424,0,0,8.45066445633298e-05,22.8860799864341,1
0.87744263725039,0.930794491364566,0.263472080133464,0,0,0.000204293640320483,24.5519130409884,1
0.839516448401934,0.917598968076845,0.527831599749142,0,0,7.8497771552963e-06,18.6706718788602,1
0.832440857563872,0.745839761664058,0.631761986078651,0,0,1.68651056527449e-05,17.5607536997675,1
0.856004599087466,0.786859932055279,0.484683216597098,0,0,2.01686669542576e-05,15.3387905307707,1
0.909302097001686,0.835719901076828,0.545136957755967,0,0,2.21292241333399e-05,19.1015312878865,1
0.605365042630554,0.522666053425951,5.87560769145614,0,0,6.61679826641082e-06,20.0016414545303,1
1.0918616218542,1.16853922266483,0.77887253122031,0,0,2.39843696502847e-05,21.4588588721284,1
0.976303606400323,1.05591897778942,0.300261531210317,0,0,4.63840394728987e-05,21.8386046579595,1
1.05434799101959,1.11652412959768,0.16369484782326,0,0,1.48196235673661e-05,20.5436398574888,1
0.822380775385407,0.881861436497019,0.0694770958714175,0,0,7.30293617898743e-05,23.7863698577144,1
0.801161505699749,0.857850513094945,0.302546001911864,0,0,1.97348116725299e-05,23.3275685535143,1
0.00277498740300091,0.0715193599326938,0.536723979262465,0,0,0.000287278681071618,24.1599847805612,1
1.13884859402539,1.07691454225599,0.452215307462686,0,0,1.68214447110409e-05,21.4206897229506,1
1.07058165356422,0.99842420773993,0.711141609099915,0,0,4.25492990005152e-05,21.9712018140979,1
1.11312230633281,1.05638645136713,0.876824979533866,0,0,3.13473830866659e-05,20.4431454109196,1
0.0697711932583022,0.152683467024929,0.208456738609897,0,0,4.27471218973202e-05,22.3372563346397,1
0.134366924777756,0.0473665280950968,0.577771770372026,0,0,9.87761162941979e-05,20.243565620159,1
0.865871363157246,0.791119082797962,0.443619648827088,0,0,6.17440392975362e-05,22.0665356788898,1
0.803618840557072,0.747411023006151,0.0576908414515644,0,0,5.55227559989276e-05,24.325252306302,1
1.1306660594142,1.07165600593802,0.183641133021295,0,0,0.000125254745835336,22.7869354206364,1
1.80182738267884,1.87492616531097,0.323386478318753,0,0,2.40303041035743e-05,20.3334102843774,1
0.165191192810465,0.09143311409494,0.216269162244012,0,0,5.52521910271046e-05,23.0203478032643,1
0.916401259443263,0.841049959697159,0.675986627338887,0,0,9.11175827177057e-06,20.615244067474,1
0.87073241730105,0.808055121700647,0.0315474612070989,0,0,6.00864663512933e-05,22.0893716162242,1
1.77986844264317,1.85907516336914,0.0339310787664404,0,0,1.19438887879239e-05,20.0431520612838,1
0.0910253985710403,0.173454812868954,0.643058035767845,0,0,7.60802710338317e-06,16.0069541596658,1
0.970852102050401,0.90029972889073,0.400974953939166,0,0,7.37938698270996e-05,22.1623619384802,1
0.834010512501308,0.920498936107379,0.0226722113196907,0,0,0.00014730136406517,22.1755128465337,1
0.119316630919838,0.205229196611128,0.316709661838756,0,0,2.72765535446025e-05,22.8448835207406,1
1.07107213659981,0.980157000503027,0.976999922262703,0,0,6.23390808290395e-06,8.018285774596,1
1.76980030002249,1.86625108182614,0.504818651210838,0,0,1.15769630050497e-05,8.13930309208685,1
1.10812059993543,1.19611134794422,0.00262587949927262,0,0,4.3757383224e-06,12.8655216977059,1
0.00625793087828028,0.0914779525518838,0.706423129772434,0,0,2.91887943144539e-05,22.6938683363307,1
0.908994042116026,0.854345332928119,0.681408422348294,0,0,5.87692621397741e-05,23.5408774218757,1
0.0311497135003932,0.11913500026003,0.233627423722371,0,0,3.68184017243883e-05,20.2117423086186,1
0.102677969210026,0.174688983349313,0.329298394998105,0,0,7.0539463369127e-05,23.115852274086,1
0.182436490583904,0.112859572428079,0.261354881427099,0,0,5.22428758973672e-05,21.8715511148322,1
0.86062509619381,0.785529626016171,0.30328307054369,0,0,5.3536638762982e-05,22.6502321379305,1
1.13240558832535,1.22092422861425,0.0947333796865468,0,0,6.99348987008093e-05,20.2731103010978,1
0.0195781424753558,0.0605056044497587,0.3884987231128,0,0,2.79823278567895e-05,11.4996532580709,1
1.76962833383848,1.83656612592111,0.141151224704728,0,0,3.78208439179139e-05,21.1709206434582,1
0.996343074710536,1.07509856933223,0.195295382550519,0,0,5.48780234364813e-05,21.9629911817342,1
1.03005002486496,0.93862857255931,0.206915399987471,0,0,2.89846303625411e-05,19.5453603949559,1
1.76996992021437,1.67524951013212,0.584278059560411,0,0,3.34254241748724e-05,19.1589125644507,1
0.0537955910999536,0.0122279994583891,0.125341641272779,0,0,9.09756183047401e-05,23.4253273855684,1
0.81151477222458,0.752539985135201,0.028597286223933,0,0,4.56298355995103e-05,24.4353110796953,1
0.0871088063359783,0.178645307563727,0.327487834274535,0,0,3.06299676399078e-05,17.0896429404032,1
0.859199449949448,0.790620360385617,0.639584460311255,0,0,3.89232799502198e-05,22.4222847028062,1
0.026588773783714,0.0871524017128422,0.308498729117171,0,0,2.97564243390261e-05,23.8424706126746,1
0.862189771690592,0.767841498457244,0.602625063037246,0,0,1.06596370523456e-05,11.0329326531071,1
1.00655133362852,0.921024384250927,0.600212243080158,0,0,1.48184260523859e-05,21.1581551377106,1
0.0770662164057395,0.170536189835389,0.661591462255693,0,0,4.80230799339142e-05,17.7897411391565,1
0.915307550840269,0.844773706952537,0.242016513791821,0,0,2.37857496820028e-05,19.1219926171332,1
1.10816923195408,1.02282044789638,0.626717588103197,0,0,4.64174138789552e-05,20.7177158720887,1
0.973453688515556,0.907071038309027,0.444543907792781,0,0,0.000152656103344601,22.1775637993133,1
0.0897319012454574,0.144890575480673,0.61346762551029,0,0,0.000151211553595762,24.1143190471272,1
0.870338658313514,0.777525448406436,0.0204086134235588,0,0,3.47610835766133e-05,21.7792438318097,1
1.78517032002357,1.84620639937671,0.154057466440718,0,0,5.01244559451588e-05,21.2955370274963,1
0.995248039041308,0.909026665024214,0.45387090223538,0,0,0.000102055131416153,21.6970059995434,1
6.02323522019447,5.95543114698572,0.292052475813836,0,0,1.78867273938665e-05,15.7891475633953,1
1.77257230470024,1.69662505698028,0.215059762375525,0,0,4.14303063470187e-05,20.7398139893331,1
0.177262853448163,0.233565707583523,0.65634548034758,0,0,7.49114099388003e-05,24.2572046637427,1
0.855108951432209,0.769382439204605,0.266141505206811,0,0,4.36322889704695e-05,21.0101891689605,1
0.0302904010354942,0.111329832877857,0.634532650330891,0,0,2.69044416026801e-05,15.3038524957632,1
0.939830638697725,0.853652616470129,0.300901406599106,0,0,2.07092541337927e-05,16.5454623835575,1
0.883716499118013,0.956760661831026,0.190308201285642,0,0,1.39232536439842e-05,19.9258753279306,1
0.920482236605857,0.980562698418254,0.0863839501073569,0,0,8.09023393538257e-05,23.7516550906918,1
0.00208169726797276,0.0795887817199059,0.146616200242413,0,0,3.22220908923511e-06,18.3719914499928,1
0.798835354066274,0.708046663599021,0.24909744975502,0,0,5.28110065183311e-05,18.2933632498282,1
0.103030799677337,0.0191216868652191,0.222740003033838,0,0,6.22577186605315e-05,22.8577821287802,1
0.182637101298724,0.273125524943907,0.347011924231067,0,0,1.57376919713697e-05,19.2269707715507,1
1.12837410743913,1.0386549279026,0.968416389154478,0,0,2.86891265113088e-05,18.6407428054431,1
0.0744026068936514,0.00396289529072646,0.630755720632806,0,0,0.000180419698062371,23.2450286556583,1
0.92306661837504,0.846853269346838,0.0662337865275262,0,0,4.70147612224514e-05,21.6788729767826,1
0.116525631508875,0.194448665016694,0.454015286926819,0,0,1.57602756483463e-05,22.8578113365713,1
0.0679585207863768,0.122765584561563,0.211313194989341,0,0,3.36150041899029e-05,22.7911138824295,1
1.80131890550789,1.87980751212928,0.555709612034815,0,0,1.67738240715069e-05,15.8943614979524,1
0.867431500110876,0.952498634067751,0.117478261395917,0,0,1.89378864840554e-05,22.1385763531547,1
1.00153741711286,1.09119926635918,0.503437080749933,0,0,3.7201236949133e-05,21.0435090148436,1
0.890827926357803,0.802001983939363,0.538819803018974,0,0,2.9239860482846e-05,20.2043469641093,1
1.04621472471475,0.973148907655542,0.305878823417276,0,0,5.27337283325183e-05,22.0371054738527,1
0.00749728017021494,0.0966605413757406,0.0625835579383303,0,0,2.47907014918403e-05,22.4707258835825,1
1.05656210526236,1.13004458444138,0.548412536625797,0,0,2.4834091689786e-05,19.5954631903053,1
1.00592053543683,1.07671560998745,0.0883719989809641,0,0,3.69266677128393e-06,7.69077235471305,1
0.958308890328966,1.03770818982679,0.267706790296905,0,0,1.48648045247787e-05,19.0658449080891,1
1.76837355262558,1.70728434311167,0.416353639602133,0,0,9.39450040128687e-05,22.2060258803024,1
1.14842032368099,1.20457439587696,0.458479210028891,0,0,0.000108250113475517,22.1659236108143,1
0.982280798774056,1.06332077373946,0.552811264011589,0,0,9.12625154577247e-06,19.0846825297406,1
0.910613738136641,0.817063362075373,0.272627479664279,0,0,7.87552541380153e-06,15.4166712894922,1
0.923023748805765,0.991534242300929,0.468419714711649,0,0,0.000150651442861976,23.0397437401934,1
1.03236821095293,0.950344063022328,0.430715196721204,0,0,4.84165717482297e-05,21.7182830056447,1
0.0957011943887361,0.167401726807924,0.215842496026633,0,0,1.02716538147689e-05,15.195736265325,1
0.889813206936436,0.816842954699752,0.0556491352763038,0,0,8.06441604427388e-05,22.6949311784448,1
0.89978750898428,0.964538725809263,0.379909505232256,0,0,5.29736251919873e-05,17.9799615064075,1
0.0982851237520089,0.162961352711136,0.00047917752993798,0,0,1.77119141247748e-06,6.52227057356831,1
1.02577980379926,1.09192187954841,0.201418425760401,0,0,4.04969054062322e-05,22.7899681370666,1
1.05883212239278,1.12157987404936,0.55532960101361,0,0,0.000128898433107351,22.8720270801314,1
0.833006999104376,0.893549977862193,0.34979623842128,0,0,0.000135674825990175,23.9323231299896,1
0.863099325117587,0.957440052108325,0.139212418499142,0,0,2.34619056063816e-05,19.5493027006384,1
1.77313170018381,1.83551493647897,0.467366754260197,0,0,2.29527864592523e-05,21.4998168308864,1
1.07817743473014,1.01662606803768,0.444306886170713,0,0,1.60355220515859e-05,18.3576146842568,1
1.09397084770607,1.18407076956623,0.899312434581677,0,0,4.92036870952563e-05,19.1686156005655,1
0.0435231502083273,0.127545695242645,0.727042874000437,0,0,5.58231122824208e-05,22.6503218809943,1
1.02175999128029,1.08867084414382,0.736417912886402,0,0,0.00015251337772138,22.7722182473081,1
1.02755577474408,0.962544755548635,0.52651954971218,0,0,3.18067434182529e-05,21.8656101133492,1
5.29525456333378,5.23210679754763,1.54510788124678,0,0,4.26270004460545e-06,9.89294755504995,1
0.175765444854076,0.236567508945114,0.704972674243704,0,0,9.19216391929406e-05,20.4711967660881,1
0.175709775455166,0.112791423410584,0.614488131796223,0,0,0.000189302827463317,24.0866644116824,1
1.10695776262091,1.02295042112559,0.105970286643437,0,0,3.03994777963279e-05,21.1431322977945,1
0.863407664444064,0.775921141513834,0.203628601771211,0,0,2.81020903861163e-05,20.6466847232245,1
1.80234610706917,1.88964767252696,0.341237774209219,0,0,2.74461636578037e-05,19.5273034358488,1
0.0612263914951529,0.000659890742554126,0.510041619179362,0,0,6.938758346498e-05,21.7568248538155,1
1.11004975772021,1.01709531210901,0.605599215951978,0,0,9.01823924923046e-06,17.08742726085,1
1.12533487820306,1.20020451952058,0.0514316043649963,0,0,4.09824018802527e-05,21.2581867215905,1
1.0325060792662,0.935332777608323,0.192289459861286,0,0,5.35408854162677e-06,17.8358185766936,1
1.82174694197474,1.91330223718103,0.12754555587793,0,0,4.57288997259418e-05,19.5272419785988,1
0.043661206034848,0.0478261318728528,0.688614738177002,0,0,7.72563869420225e-05,21.8476626237618,1
1.77518059480171,1.85896828355709,0.519150641741794,0,0,1.55361069043592e-05,17.0390034591744,1
0.0108659514757805,0.0645299288587182,0.668003477872084,0,0,8.19595786707444e-06,19.5695597098512,1
0.176670639000124,0.247669902764699,0.526782149779446,0,0,0.000114518466198595,23.5516149013561,1
0.88897311359438,0.79071066580866,0.577873066359484,0,0,4.38831758612923e-06,6.37575093611461,1
0.128940520482067,0.040881263895983,0.0236004005105546,0,0,4.86247971857937e-07,7.73773941427191,1
0.0936338460850439,0.150357111571367,0.262844254530171,0,0,3.28529030179391e-05,21.3414521455565,1
0.989463820590639,0.895163430026571,0.37273370005871,0,0,3.10434108354967e-05,19.8818678886577,1
0.916732539728723,0.838885576414725,0.336042519531548,0,0,2.49346490365077e-05,21.6186356366739,1
1.8156062158918,1.73607175559562,0.439866602587788,0,0,1.8660293036282e-05,20.5882893758258,1
0.749932099251441,0.827309486310241,0.980901532021462,0,0,1.79458819071971e-05,17.660495108572,1
1.1302061386885,1.06068218056748,0.632515465245808,0,0,4.48208988166185e-05,21.6587359595481,1
1.83625814932366,1.92589077893768,0.032588360240688,0,0,8.564422976322e-05,20.2367213645291,1
1.09255579577543,1.00452736794273,0.377572068554606,0,0,5.56488372003939e-06,13.6585309581063,1
0.901199252050783,0.842080920642417,0.532965696462217,0,0,0.000165033280515237,23.9094415161357,1
0.0742568133043751,0.00607803928124895,0.0753420187929699,0,0,8.34089223556693e-05,23.3930586882319,1
1.82198070792472,1.74142509393783,0.0676779472776019,0,0,1.69434254915936e-05,20.5928131117371,1
1.75503660168051,1.68995177976615,0.588413655180181,0,0,3.35952706660817e-05,14.7077594564808,1
0.141397261542737,0.196780692996299,0.724105941240435,0,0,0.000111196022897513,25.9665643747102,1
1.12292822830766,1.05683344363999,0.190622984782476,0,0,1.26511822446877e-05,15.375683687981,1
1.05810661526383,0.990411662242536,0.441960305520757,0,0,9.21513804505638e-06,12.7131876358815,1
0.170152887140992,0.241912501286663,0.494139289295013,0,0,5.98528963827168e-05,18.4520677276895,1
0.160225029147788,0.0718097227750718,0.338940581957416,0,0,3.22207325794338e-05,21.8280769099424,1
0.88415210473646,0.79761576458634,0.121325120553152,0,0,2.13257694032569e-05,21.7946445968457,1
0.886256837486868,0.796319220658631,0.546269209556551,0,0,6.7452278188697e-05,20.8754071411352,1
0.0144499607879789,0.103094395036749,0.31175176723156,0,0,5.68584136077193e-05,22.8953366456541,1
0.819790701962476,0.908744284625925,0.567844901914494,0,0,3.28913775341981e-05,21.3098630403565,1
0.0967001927209744,0.00674806911672476,0.593103124379283,0,0,4.13930408404199e-05,17.6137045473003,1
0.0900289790856484,0.034114727548598,0.794453636669118,0,0,1.03700487060541e-05,21.3437358370224,1
1.78605481494554,1.85913343745705,0.11214820386045,0,0,1.89420466674957e-05,21.0314810975812,1
0.9014007245582,0.814108453836582,0.110211143085955,0,0,1.16750544375672e-05,13.1026537250558,1
0.0127603946421962,0.0413619743155209,0.141779837628243,0,0,0.000292678393346577,26.5061313431741,1
0.174891068111534,0.229978746468646,0.47097082545017,0,0,3.89643325286658e-05,19.3428606230663,1
1.15422520776291,1.21292250817925,0.643620090375509,0,0,8.21421973869372e-05,22.3596211421564,1
0.824919779485009,0.770421023549716,0.00591430025061968,0,0,3.29453290461162e-05,24.5330951330462,1
0.885303311428423,0.820656961228224,0.424292658450804,0,0,4.81144601471521e-05,19.4102020540661,1
1.09934781064266,1.18493578325871,0.610488307161949,0,0,1.06302420863381e-05,19.2004880031219,1
0.921458103053146,0.834016175102704,0.201125405169897,0,0,0.000191881632293301,22.096646423654,1
0.0133733752744583,0.090073066970092,0.34307299506947,0,0,4.77403953890334e-05,22.1229202700585,1
1.0832944992858,1.02142632658715,0.266706572890534,0,0,5.32226026119093e-07,8.60894002872353,1
0.070136492425009,0.0145331039344114,0.140202453700863,0,0,0.000192554355031645,23.0058258784163,1
0.906260036941391,0.972457514502509,0.120899450474716,0,0,0.00014068992888999,22.9473921534879,1
1.11672126306309,1.05738697404641,0.263419080404953,0,0,6.93922702753267e-05,19.7991199607274,1
1.0196857536009,1.10373021905832,0.613017831572375,0,0,8.58714098814216e-06,11.0646982764553,1
1.81192166335046,1.7586846835629,0.0987032792470295,0,0,0.000160249065605146,22.5603228988359,1
0.15589406103451,0.237769247560607,0.0102030698280924,0,0,3.16363930251847e-05,22.4157714516028,1
0.170306870649278,0.0831209945716864,0.0416110863249903,0,0,2.14627241963707e-05,21.9145573554705,1
0.0592987354708787,0.0184205939754634,0.715224911476746,0,0,0.000166241505281482,23.4146438128951,1
1.80528823816985,1.85823029153406,0.401606051542806,0,0,7.90191916623422e-05,22.9210717370461,1
0.976083494953999,0.91089643216921,0.0994596626370037,0,0,3.26574719021597e-05,18.8111120015745,1
0.796212622104937,0.892382085889437,0.361320776506175,0,0,8.59668696699646e-06,16.4938752301936,1
1.79214916800951,1.70045591688557,0.262790311485875,0,0,7.6463794449951e-06,7.4215905255476,1
1.06858225078799,1.15559057899753,0.227872590980838,0,0,1.4733390147513e-05,17.884863560856,1
1.06446724539717,1.14347795771101,0.581535649041241,0,0,1.7951846189774e-05,16.7516580912905,1
1.01306889715862,1.09061499988337,0.406787728042069,0,0,2.40397037378776e-05,21.6720527870571,1
1.77876354179878,1.87275968498454,0.171659076153707,0,0,6.19656851297941e-06,13.0335827109864,1
0.808634515349441,0.71273180702832,0.141888061375254,0,0,3.82093208385557e-06,11.8609073727787,1
1.82821806838793,1.7418715669088,0.0652571761325298,0,0,1.28185981228274e-05,19.1270647776014,1
1.02271087824649,0.967881196280558,0.106444687022637,0,0,1.79319899128936e-05,19.3875663806323,1
0.158765162564088,0.247157880716202,0.0186103221142297,0,0,6.5741156804436e-05,20.1015664020595,1
0.123619521520283,0.184511149556101,0.576372741732451,0,0,4.22264241528294e-05,21.7473573941094,1
0.101994048837043,0.0213300728460695,0.580012246148012,0,0,4.41956975662997e-05,16.0624084605445,1
0.923932572856304,0.846288593480949,0.550515299870593,0,0,2.69249774790063e-05,21.8689446031126,1
0.9178191269279,0.830463000242048,0.41010169179166,0,0,2.2513602624314e-05,21.6651439529806,1
0.810033911376009,0.74365573834848,0.171108759839093,0,0,5.39565676008577e-06,20.576453739798,1
0.110693722911462,0.192766651981458,0.375323124428188,0,0,0.000163248253783114,22.9457251287044,1
0.142227990656254,0.213244719097133,0.348670755941542,0,0,1.79643987436858e-05,22.8442881820417,1
1.80343910524409,1.71883745741121,0.395557660843844,0,0,3.70219387647884e-05,18.7664533368498,1
0.968683515115268,1.04250065601488,0.67114663991851,0,0,2.71210818369556e-05,20.6188129585697,1
1.03379897247662,0.956764501249609,0.665715309091756,0,0,1.3512617106636e-05,19.1862650673574,1
1.05540554967478,0.993161925461294,0.172336037580619,0,0,3.28556268255748e-05,20.1628837476242,1
0.163395309167503,0.0814923927998734,0.286852079482335,0,0,5.0532877714613e-05,22.8783128514308,1
0.979928386089785,1.03388859069338,0.292201580564279,0,0,0.000268189308872599,24.9933876663449,1
1.0599134183932,0.970056857936925,0.122009527859106,0,0,1.13911355693139e-05,12.2549131660552,1
0.902743977907186,0.819827671617702,0.404138051609902,0,0,4.19027561922434e-05,20.3681547177809,1
0.957841788908678,1.01304196785611,0.18161456421481,0,0,0.000186751579433324,24.9853500532042,1
1.01693977845026,1.105806896606,0.470102101108219,0,0,4.61331400599471e-05,18.0409048383745,1
1.03243694775102,0.972449245112472,0.539599720583923,0,0,7.76839681919161e-05,21.282830423366,1
0.0674503063162689,0.149228059983614,0.700051340489983,0,0,6.68649570228705e-05,23.0685068021997,1
996.89304418446,996.531951298087,98.3373480412381,0,0,3.28103823365451e-07,2.43880564440499,1
0.0478052955175139,0.110278077944741,0.412559076936797,0,0,1.43310434724367e-05,14.0970821419037,1
0.960421562921858,0.879010370916717,0.0884568408452493,0,0,3.78211933533237e-05,22.1911665530095,1
0.911502360708264,0.831252547470513,0.361285138031775,0,0,3.53876902569372e-05,20.660312162866,1
0.0766998726492731,0.144035347149043,0.272080839100425,0,0,4.88490956690406e-05,23.6184450171151,1
0.086485057139959,0.00735151779474563,0.0229560029469524,0,0,0.000201460291346522,23.3772594841484,1
0.818796779482247,0.871572634156649,0.375461687656306,0,0,7.47340055851283e-05,23.4214228335186,1
1.15326959293428,1.0882135471069,0.724206755649586,0,0,2.96314273722485e-05,21.5872847832265,1
0.000597157063092212,0.0711355133323082,0.464099026189574,0,0,3.16442089596653e-05,8.36023831748073,1
0.930477918072497,0.997988896536441,0.78966027027252,0,0,4.66478043601502e-05,23.1045868391283,1
1.02336604353821,1.1018978151252,0.552826148558577,0,0,7.32600924705241e-05,20.6744886216743,1
10.7902860695897,10.7150688976017,0.258823613098577,0,0,2.80895117565996e-05,18.4980389994541,1
1.79624225136877,1.86348086222893,0.119817800967277,0,0,5.57562335287806e-06,12.8630893143001,1
1.06294994222361,1.1296502125183,0.0337724553215111,0,0,7.04329495128493e-05,22.4880768093683,1
0.906349935926569,0.845779759586776,0.554439905818458,0,0,3.91938632628549e-05,23.6552011371194,1
0.176411980256226,0.0987843484158475,0.774138817111702,0,0,6.32256897981969e-05,22.8215308244372,1
1.14462150408707,1.22074955769213,0.506030194309862,0,0,5.53139505045292e-05,20.9717806576586,1
0.0109758367954566,0.0836535363746975,0.311251560046596,0,0,4.86710355948623e-05,22.5454725510378,1
0.0609227942077437,0.00848749211368727,0.430765046581199,0,0,0.000119420495147375,23.6806856199919,1
0.0504287620360113,0.00459789005063271,0.25186387425843,0,0,9.91396490319786e-05,27.0630389380069,1
1.03074573300311,0.939287863426671,0.468802339408416,0,0,1.74177003874929e-05,16.8695707055304,1
1.15926345946719,1.08148476647619,0.387907011061205,0,0,7.67901134896402e-06,16.0571414253572,1
0.0330733123930932,0.0551884951337342,0.699045801876085,0,0,7.943319179891e-06,14.6010476644591,1
0.951696701584595,1.03169495257492,0.101840679634441,0,0,5.50683032640989e-05,22.6237812828933,1
0.842967094701778,0.927636904130452,0.20425802105019,0,0,9.22805621558719e-05,22.4176445746418,1
24.0680823900442,23.9869129598334,0.849863461616512,0,0,2.75969003873474e-06,13.525257521387,1
1.78494935190155,1.8742633394773,0.577276249460645,0,0,6.04769182989505e-06,17.4952194137704,1
0.866054117196244,0.790160966331939,0.450975044221337,0,0,1.61414636737592e-05,19.2302504543674,1
0.139342478096244,0.0463371668320747,0.191040348595158,0,0,1.63696417914901e-05,17.1663961584811,1
0.0668228789425132,0.0322815942290049,0.468832999837433,0,0,5.82458375620179e-05,21.4331944673487,1
1.80148013302276,1.74109267435463,0.443724353541199,0,0,2.16980433595305e-05,21.6684470019685,1
1.78441490122902,1.6982954718315,0.402442701223682,0,0,3.73548221461644e-05,20.6180085344749,1
0.112908210356735,0.182616969198676,0.00955313639206068,0,0,9.4633270017046e-05,23.7379071925098,1
1.97522551071522,1.90944352871065,0.0652867301375935,0,0,1.85047235017335e-06,12.0829577640584,1
1.13228136506293,1.07145870774465,0.234980543530611,0,0,0.000153676401253797,22.4854302254649,1
1.01066357359893,1.07709674344306,0.198726817631884,0,0,5.94166288577276e-05,19.9236789884277,1
0.971803661743461,1.03626955510057,0.678183640588164,0,0,9.84935123580651e-05,22.0249946406531,1
0.85478962196803,0.91598094461952,0.106307408625982,0,0,3.75670273498025e-05,20.4645691474744,1
0.165913770063249,0.224596585917368,0.60326195178681,0,0,0.00025248096459328,24.0844803774659,1
1.7888696251352,1.73171023331517,0.506517053568745,0,0,2.78995651001214e-05,16.161990194041,1
0.8659115635276,0.91955575627378,0.595721756032376,0,0,0.000104310530523107,23.586073607703,1
1.05293324177368,1.11761443510085,0.504578773563173,0,0,0.00011525022176944,22.7478276371384,1
0.94899362886576,1.01286154018948,0.352395379660745,0,0,0.000102773015208808,23.3285425953167,1
0.14773898819111,0.055095112944116,0.738461509926513,0,0,4.60743954728623e-05,13.3739386954382,1
1.13629174121023,1.22567723898771,0.516286718387519,0,0,4.00231150233625e-05,19.7145910362271,1
1.81337564658049,1.72511129546734,0.578104077690018,0,0,4.89944234684121e-05,20.1026812779137,1
0.820866569791669,0.745747650225326,0.153067612294694,0,0,6.41231431969234e-05,22.1202494241893,1
1.08665209936267,1.00302630369197,0.360602913375647,0,0,2.88774997720271e-05,19.9053011822525,1
0.798343398175914,0.863346060419161,0.216517038214992,0,0,0.000161460078947203,23.0634052008847,1
0.864931395354287,0.795468727519022,0.485670577707399,0,0,2.05808674432778e-05,15.8069633435291,1
1.10691704930919,1.19414995943799,0.453112761104961,0,0,2.38432821372357e-05,19.165920818768,1
1.79311347610431,1.71883766888837,0.517941121902957,0,0,5.62323790162144e-05,18.6636844529886,1
0.122745878616814,0.0316406137922058,0.74512197383139,0,0,5.55929070608602e-05,22.2400787226364,1
1.1695044092329,1.0887640245449,0.399213909697245,0,0,3.34465052892427e-06,16.8548608797074,1
0.942499681088766,1.03438667511523,0.570853513928073,0,0,1.51454926355766e-05,14.2082378408349,1
0.0545360336578511,0.1087192423511,0.642624463366255,0,0,0.000112399490981911,25.1941549806418,1
0.805887358755706,0.718922809160404,0.60829193259343,0,0,1.34041186581806e-05,21.5845267673557,1
0.93310706918704,0.856805268085935,0.318154199917384,0,0,6.53579137498659e-05,22.5694217361203,1
1.78439699614268,1.72698949135054,0.251851217998553,0,0,0.000183704820025238,21.4470511494532,1
1.01824954324721,1.10754790927012,0.350757980511274,0,0,3.65369674332993e-05,18.6586650769562,1
1.03508581022802,0.962135566877208,0.557804836486403,0,0,4.70370840630847e-06,8.87651106355765,1
0.0124086145070225,0.0697893991384717,0.301445921989895,0,0,5.97705229079826e-05,19.9754021851524,1
1.05784920177138,0.994521314476714,0.254391905919935,0,0,8.51295459721306e-05,22.6024144749435,1
0.904189601667184,0.984143623560556,0.00702279692315022,0,0,8.60689494388027e-05,22.4124170765302,1
1.08798707636831,1.14171575352435,0.488422323489989,0,0,5.69348857482402e-05,23.8383566848113,1
1.09576024749295,1.17276324064824,0.43635065578,0,0,9.05135786004317e-06,19.9238116465775,1
1.1511924921617,1.21813102213633,0.305427534050135,0,0,2.7264261641111e-05,19.8891764092852,1
0.935219649813433,0.872598690659714,0.544187712473867,0,0,2.57091728640201e-05,21.1135272319651,1
1.15522691881297,1.09447149179564,0.417153133213392,0,0,3.7080925111274e-06,15.2450037993699,1
0.981676480935569,0.899958375815629,0.549976170714213,0,0,7.85035921695955e-06,8.0772463016854,1
0.8543975737031,0.945905725274713,0.472715941075586,0,0,3.34403116951463e-06,16.7617930911798,1
0.0804527924816188,0.024357332471368,0.755583420048222,0,0,9.08102970666187e-05,24.367928276233,1
0.816030875369473,0.890407102292784,0.152958032888758,0,0,8.59970711058754e-05,22.5014049367263,1
1.14325443982572,1.22668608120125,0.716382940998439,0,0,4.36191186850871e-05,17.7586839699545,1
0.00664529702644808,0.0843216134474574,0.745717538556335,0,0,3.99114240213443e-05,20.0332615706791,1
0.0804331494083925,0.000604904818430896,0.814966804685877,0,0,7.14436598321666e-06,12.9875515552223,1
1.01292575279358,1.06604985716658,0.56067068350212,0,0,3.51008908886383e-05,24.1035970269108,1
1.09822488909924,1.18765798653834,0.512309710896784,0,0,1.30117956692179e-05,17.6242330298135,1
0.0539651155703508,0.108691364318474,0.215065926473218,0,0,0.00037973307345425,26.0516664224174,1
1.78798285119802,1.86976471078873,0.329297299337806,0,0,4.80984718960499e-05,20.3930483152307,1
0.805616917804029,0.739886756301217,0.326341962715622,0,0,0.000108507457042864,20.3021807453164,1
0.948483147954287,0.853484134793462,0.0435211698273719,0,0,1.35074019578472e-05,17.6878260252523,1
0.855793328415069,0.783123241547031,0.0862108517020039,0,0,0.000101997729559018,19.1104816147156,1
1.00981778557974,1.06571938078304,0.768545076948131,0,0,7.68393320068228e-05,22.7242700355411,1
0.976021772240111,0.891029607319524,0.641041047930238,0,0,3.16146545759962e-05,21.6571436663122,1
0.816172350800218,0.762207138690712,0.373605201561832,0,0,1.57345776122174e-05,21.2625304326364,1
0.888767483454316,0.962179434023398,0.304842184637541,0,0,4.61627600462987e-05,21.9524296842237,1
0.832428086899574,0.886506082422414,0.273585540318198,0,0,0.000187680586515457,25.415847541328,1
1.80080776410648,1.89039923220082,0.0293653266832123,0,0,3.98933438509903e-05,18.9716280011347,1
1.04502880946431,0.967233151466246,0.354947817314385,0,0,0.000121988664775643,21.7786013864976,1
0.956834498662997,0.877711165964513,0.029818877993435,0,0,5.23178002653031e-05,21.9510543695551,1
0.87285116969036,0.804848918258159,0.45976627891384,0,0,0.000100234526430922,23.2296529552227,1
1.1434157715995,1.23413459956777,0.597161082916387,0,0,2.36492798573261e-05,18.6350929385655,1
1.08485004254768,1.02220563862491,0.0884496135877786,0,0,4.32508496570673e-05,22.8495994905626,1
0.99686030657844,0.942167650565437,0.225084099677042,0,0,0.000246383016833811,23.901017391381,1
0.0621423043632191,0.130862155870119,0.210971164477494,0,0,0.000110322074147272,22.971989328267,1
0.0229955219658533,0.11269621853279,0.585037466116981,0,0,2.69921207365662e-06,13.716787125,1
0.96793019975352,1.04938823953728,0.638163398719751,0,0,5.80311506207e-05,19.6428481622001,1
1.81260417634288,1.7357984781801,0.104057697740803,0,0,2.63092550917659e-05,20.1950042602914,1
0.156819828906168,0.243780616937443,0.0534287550882266,0,0,3.2313631546043e-05,19.4122503628019,1
0.17763352212826,0.258527262836651,0.265444287629887,0,0,1.95471315441852e-05,22.009917579204,1
1.09510571924445,1.14789874338791,0.505240188929844,0,0,2.42507126127955e-05,17.4019133142101,1
1.78689042668787,1.86695269011892,0.358094072587086,0,0,0.000119679601807846,20.6799893932778,1
0.15602766581277,0.103143428331833,0.375378905495287,0,0,0.000104587086824284,23.7009202287328,1
0.826887639164337,0.904303805904249,0.236337497345017,0,0,4.39279736352504e-05,22.3452267032311,1
0.155532934431882,0.0683013821334271,0.364197329635143,0,0,7.57078111162421e-05,18.3368327968362,1
0.877716472221662,0.942445279227712,0.71543250917339,0,0,0.00016393737839868,23.6383495737816,1
1.01855162712586,1.11022476726112,0.487259999160003,0,0,1.13833835517073e-05,19.4057960765063,1
0.0903371422969729,0.0329360376818784,3.10387145585777,0,0,7.67460569871939e-06,13.718191391004,1
1.11288073829231,1.02066576325137,0.731726022346143,0,0,4.89151835737806e-05,20.4555415373679,1
0.0574757919050424,0.142390989014189,0.41087817980182,0,0,8.05336327238259e-06,18.0608289844018,1
1.80318637414089,1.71146404139205,0.0853518757230232,0,0,1.57401006524834e-06,12.9359140227224,1
1.29037438050561,1.22781736140223,0.290715263700916,0,0,5.71111770965244e-05,20.8911723863936,1
0.018839582854267,0.0359086113894023,0.256680643841752,0,0,8.92844574088705e-05,19.2794139415658,1
0.796695639844497,0.72506653541862,0.669697336892813,0,0,4.21091601826402e-05,19.6101923569916,1
0.964983137530931,1.04917370321061,0.372634756773685,0,0,5.1474302501898e-05,20.1201205205394,1
0.873888455134797,0.790109676404938,0.778515979501865,0,0,1.44280074953043e-05,10.7100953491549,1
0.147381728256188,0.0643733110159701,0.556029712973217,0,0,4.23643863346441e-05,20.5114467280844,1
0.0816386488136581,0.143575307363847,0.5178872467632,0,0,0.000129951339703384,24.1795473207113,1
0.0972418248757711,0.181252748412305,0.721772610831422,0,0,5.29996401115848e-05,21.7148275290545,1
0.0979934726338597,0.162024600767239,0.0474670387433394,0,0,7.25862037314272e-05,21.2246228561692,1
0.869029403324146,0.956829487661139,0.695287740988299,0,0,4.803311177192e-05,21.5095702898196,1
0.130526139767241,0.217741600672412,0.597523239927696,0,0,3.2480867538519e-05,21.4148057473523,1
0.921095124254004,0.855507171799928,0.231640141647761,0,0,4.59304869196136e-05,22.3215085981369,1
0.96801914424882,0.890754677990287,0.527661174512186,0,0,6.05999526973209e-05,22.4664158047082,1
0.168993222326577,0.105897554842102,0.679326452144553,0,0,4.85464968996273e-05,22.5673491918393,1
1.14349374665244,1.22382183730707,0.733559396958718,0,0,2.14598327645823e-05,20.4501618653537,1
0.146807315764767,0.206368550750312,0.627351991232214,0,0,0.000233516663259864,23.6449429775225,1
0.0966284185735619,0.00931701404255136,0.00439231374306104,0,0,2.7450690915454e-05,19.6292154092043,1
0.16604274050878,0.0913436160020069,0.272748707908157,0,0,3.79079667197514e-05,21.83581782087,1
0.154847822479109,0.0935624494238425,0.737214240800405,0,0,0.000195047043596843,23.8011638864535,1
1.13136660597195,1.20155294491346,0.700990210294909,0,0,2.6382194383418e-05,21.752323290987,1
0.0448839551017014,0.041821991974814,0.329125933792199,0,0,0.000163509526081968,21.618325991916,1
0.833116218272333,0.918945666747732,0.73223439554981,0,0,1.93777113683698e-05,17.2848772207353,1
0.876337913615272,0.949590700297847,0.257071769583604,0,0,2.74140234310246e-05,19.1150674928017,1
0.15676612683201,0.0799955297141253,0.440616236182468,0,0,0.000179494311167448,23.6051476251032,1
0.954234191017825,1.01571635232443,0.668097567800506,0,0,4.94191514744181e-05,21.251148486159,1
1.78557200464887,1.70815923067624,0.246871193491877,0,0,1.53750454426261e-05,14.5534398840628,1
1.14280173937332,1.20652351228691,0.0485171427182927,0,0,4.56748955511179e-05,21.8668795066431,1
0.927640250182537,0.855678329069605,0.709848932752401,0,0,2.03392277418594e-05,21.950133126383,1
1.08306150287228,1.00278695652065,0.906264258298747,0,0,1.3031593720564e-05,19.0353445929011,1
1.08910901338497,1.16083009457387,0.156082660521429,0,0,6.81987198056892e-05,20.185913991151,1
0.125678704721303,0.197993349407028,0.42533577811334,0,0,9.18079954990171e-05,22.7069833871336,1
0.120593597237512,0.0255042697204999,0.445433869243166,0,0,7.69283024573969e-06,13.3858351877923,1
1.76699197017084,1.68741145912054,0.446007060955036,0,0,2.37788776304908e-05,20.8767756152063,1
0.844509117288146,0.926886131377216,0.191735900905872,0,0,6.32882895025122e-05,21.5076688057427,1
1.07577812191589,1.15888724922058,0.282854351256169,0,0,1.91299957562597e-06,9.56813052784583,1
0.171505867506004,0.108793737332547,0.298775493878407,0,0,0.00014415927184491,22.9777537341946,1
0.0181067975473978,0.056337118786189,0.405468402145678,0,0,9.84612842949679e-05,23.3337009699687,1
1.14344465262077,1.06482925957511,0.22191123682822,0,0,0.000115587324742766,21.3130559894554,1
0.0620611621050844,0.00740125003807179,0.491227813737882,0,0,0.000307326786399109,26.1959797219691,1
0.0473544358602689,0.0492410033014039,0.942163554144838,0,0,4.04717922383128e-05,19.9001609990088,1
0.157798565992074,0.250709030608448,0.622724068671761,0,0,1.48222366894238e-05,17.8586701622317,1
0.896479335653315,0.982686841149473,0.590584472227103,0,0,3.8897720278902e-05,20.1579872364216,1
0.887975437103816,0.95660341597133,0.524278463473627,0,0,8.45624891762005e-05,22.3174422644443,1
0.933260116320124,1.00825892844466,4.33601541445228e-05,0,0,0.000105319777578426,22.7307933768419,1
0.917025460308367,0.992379355925095,0.5389482763565,0,0,2.28565585889308e-05,22.1850406018016,1
0.0721851964506782,0.166514769985554,0.421682418258982,0,0,2.89238250558639e-05,19.1784673213669,1
1.02537473239443,0.931011527128078,0.809125573782684,0,0,9.94512856876343e-06,10.8145663453671,1
1.09857640703034,1.17318812169427,0.401664567751916,0,0,1.60862349433666e-05,19.7491349242355,1
1.10616148573383,1.18853504139253,0.262637719646204,0,0,5.58779895373437e-05,21.4095218745267,1
0.17897662187155,0.121406317731982,0.652448671429338,0,0,4.5719695614761e-05,23.9426219125735,1
0.799345553299791,0.870290005294549,0.11069112539856,0,0,2.96331990504544e-05,16.9631015301306,1
0.123431958916807,0.178717521090391,0.286760730724582,0,0,0.000103168979622744,25.9405777171758,1
0.0278957042665302,0.0649251150388181,0.333316385605283,0,0,6.78113864548834e-06,12.2876460272897,1
0.811812916179275,0.727394828332365,0.615107702327771,0,0,3.13731855941416e-05,21.181583654714,1
1.11411016443412,1.02320333567559,0.503463197546225,0,0,1.06776129897039e-05,16.7436260223924,1
0.998541438712109,0.914666554319069,0.426238229493842,0,0,2.79505157793636e-05,21.4273901717167,1
0.95022696690991,1.00266450037327,0.0696296558966705,0,0,0.000222120301973436,25.0811561249233,1
0.123621825203713,0.0303415743621827,0.376699621334051,0,0,3.65759505846212e-05,19.6196237001647,1
0.999236931945784,1.08931956486424,0.4691034510702,0,0,8.70370083327743e-06,16.4691113772233,1
0.0366346390381833,0.0424923882146118,0.725017185344548,0,0,3.65172385504371e-05,22.8132667880115,1
1.13061752678192,1.04606560625666,0.340442246825804,0,0,4.25378076529456e-05,20.0665605967216,1
1.06549618551656,1.13766928657998,0.0177280116108527,0,0,2.80051675991942e-05,16.7627863648983,1
1.7894135851761,1.87362861969507,0.48810412942106,0,0,4.39348686566761e-05,20.2789649636802,1
0.870379082597665,0.929287348003157,0.340824787017059,0,0,2.02352568891943e-05,20.3420972486298,1
1.11500539302543,1.02009086352598,0.43995326532576,0,0,1.56234505910645e-05,16.3413169763175,1
1.18861954509249,1.12717927791624,0.180213989879364,0,0,8.23357299737823e-07,13.8306558295883,1
1.11111007860696,1.01956095490482,0.284529799052781,0,0,1.65014032302671e-05,19.768235651489,1
0.0683160749205338,0.148172878418563,0.615672343733593,0,0,4.43981118548604e-05,20.8660964264277,1
0.815276758203426,0.887911576944845,0.460571880620911,0,0,6.09204582318955e-05,22.9369967883521,1
1.0208731389587,1.11644637748122,0.473909607210295,0,0,1.75083458846025e-05,15.783427722498,1
0.970032680642771,0.903788729473348,0.536043193656132,0,0,0.000218578775291896,20.7491582216534,1
0.0783977180395577,0.00263629006593646,0.366685055013757,0,0,8.38862703631508e-05,22.99504045434,1
0.157749568452133,0.220364111255549,0.970227056268361,0,0,2.67542765537016e-05,21.2328004042311,1
0.96425300073139,1.0335824095007,0.548994597345714,0,0,5.8282761430572e-05,22.691015839095,1
1.13302435703044,1.06947493641567,0.747677564024836,0,0,3.4340460027723e-05,18.4377399811689,1
0.880684660119779,0.969204028508216,0.107957413879326,0,0,6.45716857949481e-06,8.55335777272433,1
0.0915187140982312,0.0186782198078106,0.528109338490976,0,0,4.08443615293306e-05,23.1111941895111,1
0.00785771971712916,0.0622727422996832,0.221915832677387,0,0,0.000130131251454677,25.4332170566105,1
1.01543455637091,1.09957802955176,0.540470904886497,0,0,2.29960753501297e-05,21.5089763500912,1
0.167493017065666,0.254763732196238,0.550013670453755,0,0,6.03342975244883e-05,22.3845079440697,1
1.11958748136462,1.05525566689479,0.0891859473553964,0,0,5.80647632405921e-05,22.4454668060693,1
1.04623877345393,1.11922468320657,0.366028518401155,0,0,3.58053948184806e-05,18.3965211949879,1
1.80830225589066,1.88418485286425,0.888027183305796,0,0,6.26712049738852e-06,18.0999222116355,1
0.782497511041564,0.702848456608308,0.620864635738806,0,0,1.99095700842401e-05,21.2834081742454,1
0.869477862549134,0.945360159367908,0.389666381368017,0,0,7.37356713970033e-05,20.0122838446301,1
1.13919887254153,1.05398733577721,0.604765559339878,0,0,1.72625473411299e-05,18.6033158753971,1
1.05648611709939,0.964988316910819,0.473583565770646,0,0,1.37291414757066e-05,21.0163813135032,1
0.928931137762097,1.01695481241973,0.0292568929194381,0,0,1.57544643625744e-05,17.9987943593022,1
0.894026792111551,0.826060372397734,0.0910428912774579,0,0,4.12969659280145e-05,20.5782665582017,1
1.10014887127734,1.17068385149923,0.493248734879876,0,0,0.000126769891368648,21.9278379903161,1
0.130605567390864,0.208326782699032,0.548272983731928,0,0,2.23221824884895e-05,18.5610392469771,1
1.77490640777813,1.68718685357385,0.318548310938361,0,0,1.41097686273369e-05,17.602009257043,1
0.149650067596557,0.0752783393321295,0.109327575048805,0,0,3.48071296643994e-05,22.8023569980359,1
0.808434399925073,0.732496812805323,0.702520935092064,0,0,3.73583666030885e-05,22.3505896624512,1
0.0921331324565216,0.172780297367524,0.637796509395503,0,0,5.87216684307999e-05,18.5398021833289,1
0.0690680787778044,0.165116979077652,0.497654129841678,0,0,7.5817166550088e-06,16.5646352028381,1
1.00738349963855,0.941457134900958,0.211790994884097,0,0,8.75655924264661e-05,19.7096593603364,1
0.969254357783384,0.897032458046766,0.556463142275983,0,0,0.00020859770032659,22.5205993707746,1
1.80392980348192,1.74286784820103,0.62570782233924,0,0,2.39012942069787e-05,18.6731880954026,1
0.0387664300087726,0.0264370448250872,0.371665700955812,0,0,8.61597426312984e-05,23.8122438089866,1
1.05275838286629,1.13925747493329,0.110676206623474,0,0,1.46290613692585e-05,13.5291496321763,1
1.82051834013533,1.89345473806696,0.41970390448256,0,0,5.45497488299013e-05,20.9223723452984,1
1.00155917480391,0.911982552858717,0.374078720319515,0,0,3.67029194908632e-05,18.9295628238749,1
0.165133072325524,0.0889464806971034,0.690487643447835,0,0,4.94549796131048e-05,23.130400157064,1
0.840238276788624,0.927101452522493,0.488986923222082,0,0,4.1036880277082e-05,22.1250084177527,1
0.154696673964475,0.215095506839134,0.626721927086473,0,0,0.000144899243104409,24.4560887904549,1
1.03663556526615,0.944605594436041,0.612225175517692,0,0,1.2981375973975e-05,14.7412020069555,1
0.0203687009409666,0.104910275471809,0.162616343198181,0,0,5.09271201866029e-05,18.8702240539941,1
0.104249080123618,0.0294622393560928,0.0378529787739925,0,0,3.57319192148062e-05,20.2607472786315,1
0.84787409222635,0.762429550478601,0.693075358216959,0,0,2.66739496014313e-05,20.8658841152658,1
1.04731962752548,1.10736242521034,0.437785609576043,0,0,2.10515615039925e-05,18.7509073645809,1
0.836213245353139,0.92541313923698,0.235601370603428,0,0,2.08409540408771e-05,20.0701663004094,1
0.905980191443231,0.842701706648938,0.669495065580653,0,0,4.28816765632286e-05,22.2604500801186,1
0.0288244717288852,0.118375220423104,0.623246707722792,0,0,6.36993542597184e-06,13.6448296794619,1
0.80528242045857,0.725119025476033,0.570640963261165,0,0,8.18466758556713e-05,21.9931223163534,1
0.0446038956221281,0.0432838393203951,0.319361529210536,0,0,4.70417624059961e-05,19.3827388706198,1
1.00324071131664,1.06112762679101,0.300222338978691,0,0,3.2360692127388e-05,22.4454784093981,1
1.7710093272014,1.83094884720109,0.475685871606461,0,0,0.000129715981461894,22.4303221984422,1
6.02597789301489,5.95599848783897,0.0313998304355131,0,0,1.35904300574897e-06,7.26385495283417,1
0.795456640604618,0.868811365457617,0.28906783212987,0,0,0.000229313595027027,23.1598967288596,1
0.175357723600458,0.0932865322962471,0.308608483777488,0,0,1.06567429073652e-05,14.8961001170114,1
1.81879445448903,1.89238061356897,0.610655049147532,0,0,3.61596780243625e-05,20.7859769644589,1
1.04951897832333,0.952731418195924,0.688078092702447,0,0,4.09821575044431e-05,17.115944580516,1
0.895997543953191,0.957641769084717,0.788503883352498,0,0,0.000457773106541608,23.1662072757265,1
0.840153928639691,0.930497148757297,0.708121163308802,0,0,1.23287814871425e-05,19.7071992660848,1
1.05518950088187,0.991822548034719,0.681056092862539,0,0,1.88966057725568e-05,18.019354110298,1
0.974832424158361,1.0427575093118,0.61651377421061,0,0,2.87889603361943e-05,21.378673545667,1
0.157237924771748,0.0909213423259416,0.0297837136993629,0,0,4.79853741270375e-06,11.5588906347633,1
0.831223432831993,0.907610766104284,0.0889473046225157,0,0,3.61316991662889e-06,11.4082181689277,1
0.123394545674613,0.190966971210344,0.061243815933226,0,0,1.86781485221961e-05,22.9507403321777,1
1.10381429752719,1.02489790827894,0.955940324365578,0,0,1.75365245999019e-05,15.3384070336724,1
0.976719028736607,0.886905966841084,0.361528953781621,0,0,2.42246612617593e-05,21.5767557712123,1
0.138058036990543,0.0689797875627676,0.46028449452124,0,0,9.29288764139499e-05,23.5823996284588,1
8.22152486625343,8.16053097455566,1.69732130869614,0,0,7.08105296394339e-06,19.7418273720039,1
1.77092642091278,1.70941181867909,0.441469996201846,0,0,6.1112881142789e-05,21.6159870301904,1
0.881810964771001,0.786533765772958,0.604041810234419,0,0,1.51166430753785e-05,20.477326822558,1
0.938869763529149,1.0162551698777,0.265195063197955,0,0,6.02129339158815e-06,20.4824867121263,1
0.00392212299038256,0.0649145238354834,0.0634368021459437,0,0,7.65293239021577e-05,22.8546509424678,1
0.0740766932945729,0.134110164440102,0.646933981197519,0,0,7.70020771198859e-05,24.1451408952322,1
1.09599924180928,1.17595531957187,0.725705395481583,0,0,1.27609273706468e-05,19.2611816493373,1
1.66798817872913,1.57689897637289,0.335068370386843,0,0,7.20311053903297e-06,14.2925936786096,1
1.00565583469371,1.08756818982795,0.470172521547322,0,0,3.1060825970657e-06,13.5721733061548,1
0.927309245621808,0.99033927208751,0.232446018762924,0,0,0.00026723931005858,22.7042099982016,1
0.181597792626195,0.267769293911385,0.847438617431417,0,0,1.63460169060821e-05,20.5569115240309,1
0.116202419845031,0.0237912170728123,0.0442077003984185,0,0,5.16665321059037e-05,17.3192701634046,1
1.04119501253651,1.10859976038435,0.25342113693112,0,0,7.07130982443318e-05,22.4590563009883,1
0.894732560741224,0.804370005047758,0.0565015114623373,0,0,3.87088536825359e-06,16.7186401964049,1
1.06474817889012,1.14268834293676,0.766688337932561,0,0,2.36609233529067e-05,15.8478881260585,1
1.02460010734456,0.956448413412573,0.355843277503162,0,0,4.74063830611972e-05,22.1501158401116,1
0.9019750135485,0.977202533615923,0.772292834643263,0,0,4.53208309594716e-05,22.2014512524639,1
0.0131804837499209,0.092499970000631,0.405860754864946,0,0,9.36153143745263e-06,17.4851822593568,1
1.01806606447645,1.08722829793524,0.447449126636126,0,0,3.01050013447587e-05,19.6833253362546,1
0.0884006619694452,0.0305312370692832,0.0529322343794689,0,0,4.37147513122368e-05,18.5673413665681,1
0.044562241726135,0.111239602991105,0.356035420623803,0,0,3.4617893635452e-05,23.1047107572846,1
0.985089072811138,0.910024913644889,0.245386667966429,0,0,5.52047263696654e-05,21.3248983291723,1
1.01859908464834,0.931802570575371,0.354834531913859,0,0,9.07220390258787e-05,21.4386614007595,1
0.897799330171107,0.972242259914196,0.352819446737605,0,0,4.29284287841726e-05,21.8448874858246,1
16.4359629902665,16.3704986824254,3.82681992951859,0,0,4.5145597871544e-06,17.2019408458741,1
0.825620518613703,0.768950437639234,0.572727428419027,0,0,5.11983860185097e-05,24.594555266346,1
1.01659686170829,1.08200283498655,0.26374028859566,0,0,6.86035419646116e-05,18.5116489148025,1
1.03193249715214,0.967036758393249,0.112432434413194,0,0,3.88613015677387e-05,9.95789422302913,1
1.18371392642962,1.2415777440925,0.663290510689354,0,0,6.90407056890215e-05,21.8224212005773,1
0.799126487381251,0.852077314753757,0.433531160955485,0,0,8.3981960233065e-05,22.2094453697945,1
0.806210415311366,0.735224528517932,0.536786087447084,0,0,3.61084386539441e-05,18.1973046683606,1
0.78600570630153,0.840276835549105,0.791118580896244,0,0,0.000120733969115674,24.6116317177386,1
0.805980422890448,0.903413198809233,0.581220882372435,0,0,2.55213360848742e-06,16.4781551120529,1
1.10273529275878,1.00800964126898,0.152441660174584,0,0,2.71903803394664e-06,11.4885623069312,1
0.89817263399158,0.982292136166507,0.193099688016616,0,0,9.90572055851771e-06,21.098243602087,1
0.883013576616537,0.81443604929828,0.630496127502873,0,0,0.000135812797663283,23.3400806426894,1
0.0172943298017038,0.108685160673247,0.854148693316381,0,0,5.66660354451051e-06,12.3938145681684,1
0.966437541139505,1.01952431546638,0.219637303747473,0,0,0.000198470735997122,24.2600588463597,1
0.916453320776387,0.990315231947562,0.11104395804306,0,0,0.000103562632587774,21.7296743316357,1
0.134279874735483,0.205280731921675,0.436103902516853,0,0,8.28352980367372e-05,23.6572241903285,1
0.916125662206811,0.845723533528542,0.513994285882825,0,0,5.51955963133686e-05,22.8801239026763,1
0.0809312435380019,0.0213312958786958,0.430275324167132,0,0,6.2850376268841e-05,24.0405475963587,1
0.134921001345126,0.203192379501758,0.00879847184851457,0,0,0.000206110075889803,16.8748129170528,1
0.85297323466015,0.786183379630359,0.0215487951120608,0,0,0.000123343533965207,18.3032147860781,1
0.155787316589955,0.230689737833558,0.857928515293622,0,0,9.35530238572053e-06,15.422384608812,1
0.0301823244122176,0.0610428737729762,0.626564023250898,0,0,1.23957957497819e-05,21.4289774455829,1
0.892700542961221,0.953954066233592,0.346056324158481,0,0,1.38964185781002e-05,17.5324263113834,1
0.0896857743290214,0.0197821866682091,0.273061282665697,0,0,8.59528056545393e-05,22.4292341272049,1
0.985280507580456,0.93016229530491,0.196019420027676,0,0,4.66193840404792e-05,23.3722058406851,1
1.7438072560885,1.83734492354336,0.744896645278683,0,0,3.1681824494694e-05,19.2789410497527,1
0.809508528284872,0.883612417519203,0.077057508950471,0,0,3.71239098513867e-05,23.0335595785211,1
0.111498964403655,0.0175205200209234,0.0942183422770384,0,0,6.06806836105786e-05,22.2322501171725,1
0.872153980545038,0.793411241826277,0.576865044384324,0,0,1.81425089994629e-05,17.1942894139386,1
0.0211146321573468,0.0899229262090842,0.171518967662501,0,0,6.06788075533655e-05,23.7726937281479,1
1.15448865252518,1.20944996833077,0.320391989246892,0,0,0.000239785901239786,23.28670428569,1
0.0453688586043627,0.128688662685249,0.298477341257608,0,0,4.65046790818264e-05,17.6954690258058,1
1.02199140058193,0.953254098860839,0.226276189808868,0,0,1.08535566951861e-05,18.8471703974251,1
0.816868482532287,0.725451027783549,0.509485916493219,0,0,2.48785353991992e-05,20.8649323268716,1
0.844335962236608,0.790561323928273,0.763504554545905,0,0,0.000100049402897227,23.0995403279139,1
0.0885612228658062,0.0297910127282535,0.00479137342891711,0,0,0.000103185717325089,24.0384014546,1
0.012053209944692,0.0849254932736869,0.0091428776249749,0,0,0.000159605573725167,24.0341437943713,1
0.136917277779944,0.0481709958821739,0.512454551674715,0,0,3.90206952120296e-05,18.175639508567,1
1.05663889206428,0.973958490659925,0.567294616494184,0,0,3.49554173445669e-05,18.6486033479378,1
0.0277789924547196,0.0567212980241152,0.694308618470871,0,0,2.09246048495831e-05,22.6321530397029,1
0.173422681170019,0.11033665388868,0.0323130002316367,0,0,4.97274699552939e-05,20.9594428465214,1
1.12621294559918,1.18166449248912,0.347868212964993,0,0,5.6463355850539e-05,21.8700088073862,1
0.917785636415647,0.997762543228987,0.242849564378702,0,0,3.03972446934477e-05,21.5934112129755,1
1.05582719830415,1.13464181948211,0.490803848171144,0,0,1.44797419171711e-05,18.6480785764635,1
0.0341348574477334,0.110662868735432,0.635871187925275,0,0,1.19312940883892e-05,16.1356285116714,1
0.890095903617139,0.812395244602499,0.487552609075504,0,0,5.57907903367893e-05,19.8770204943703,1
0.967059735234347,0.886166987788556,0.0486593273376315,0,0,7.68321040739299e-05,22.0175517886133,1
0.93055629792624,1.00547168268454,0.334435515023868,0,0,3.03473523247585e-05,21.0335674112909,1
0.919401449973651,0.864106620038115,0.129183318250143,0,0,1.9936506566832e-05,16.3753910225369,1
0.0135102514602341,0.0951580518512856,0.507728960823663,0,0,6.59319638906852e-05,18.455260899619,1
0.93696739763569,1.02807849946436,0.214773670382545,0,0,1.91201062695659e-05,21.324544535309,1
0.161573758274884,0.0743833127410198,0.278974784429581,0,0,6.32892639858218e-05,22.168680721856,1
0.997159197005969,0.898976365857379,0.0663925073169014,0,0,1.63685936291396e-05,7.20479169257281,1
1.00703295818857,1.0756268229035,0.227688464793449,0,0,3.30503248268091e-05,21.6146384115477,1
1.01208483635549,1.0680637520924,0.507651499755933,0,0,0.000203640009964547,23.7871627801588,1
0.827315506907467,0.883042266338805,0.455771405131912,0,0,6.99812099091832e-05,24.0554465384434,1
0.913812824642133,0.83852995649849,0.343035040193004,0,0,3.72929619073316e-05,22.4173450534261,1
0.852479773192258,0.77389692395991,0.025043680523936,0,0,8.67110632515656e-06,8.63812409020728,1
1.8009651131726,1.87367209727469,0.593375024641382,0,0,3.14696034722734e-05,15.8888857461399,1
1.7883663644507,1.87610198038578,0.544488542137101,0,0,9.07388912078402e-06,11.185729722438,1
0.833710359348086,0.736398601672647,0.171556508261059,0,0,2.88632053968688e-05,21.5199987982537,1
1.09270494899891,1.01299899148165,0.747849417425954,0,0,4.41727366153928e-06,15.8280704918708,1
1.06637380970548,1.1633746648418,0.217696011891079,0,0,1.41314819038991e-06,6.45619330815982,1
0.150382544058944,0.084072022644051,0.204765412795981,0,0,0.0001204421565752,23.3909218104644,1
0.107279595407168,0.198245238435049,0.757797217530831,0,0,3.81159349686538e-05,18.7635662520381,1
1.11941308662977,1.21053516401076,0.0570908301962025,0,0,2.48159571466592e-05,18.796970961691,1
0.0614799703656609,0.138489822214808,0.630224666080514,0,0,2.77358025663189e-05,22.5384031470534,1
0.102513953009002,0.163343826093381,0.585539662908552,0,0,7.25271388620868e-05,24.2674314838564,1
1.1015915153025,1.17017375965062,0.409998983538664,0,0,4.67913874782191e-06,15.0372027156458,1
1.82102582282968,1.90553259478747,0.561327449197645,0,0,1.90016891572616e-05,16.2926304394058,1
0.125795055738656,0.200264929951572,0.508938580732647,0,0,6.06615023096595e-06,18.1417041094351,1
1.03538873278322,1.11722256117298,0.755253369292305,0,0,2.24471714598032e-05,19.3657833241061,1
0.0144035595860118,0.0627345351533677,0.296265544815424,0,0,3.97394620234283e-05,23.5824747728055,1
0.0370499368426375,0.0519937603040717,0.814602399597921,0,0,1.8897233211575e-05,14.410028886974,1
0.0405385614449058,0.0272307974309456,0.00711999866773816,0,0,7.20884709409678e-05,20.059158115776,1
0.990970235472766,0.933606662691261,0.0504636054632339,0,0,0.000116320795039613,24.0182041287049,1
1.09506395803607,1.18357526845028,0.322574185409817,0,0,4.36459683454365e-06,5.02507942784563,1
1.00046156683634,0.912365185414671,0.146314502153041,0,0,4.88201585061304e-05,21.6687979371095,1
0.927790061533596,0.835653285824947,0.167998062387017,0,0,1.3064002506426e-05,21.6119089706086,1
1.77464436860848,1.8557510389702,0.247562563218281,0,0,5.79059500124819e-05,20.7166953933476,1
6.67554341096725,6.6040044780608,1.73461081630471,0,0,9.40380445936003e-06,16.7467964312964,1
0.100189513952283,0.0117213806790346,0.41392895436668,0,0,2.20986747560748e-05,15.3530459782359,1
0.144419761912846,0.217165700160592,0.56179960441154,0,0,9.2826915788437e-06,18.1195550283407,1
0.0251047820531448,0.091255693859523,0.590946359718554,0,0,0.000155718380109715,23.9973711246905,1
1.77143649390462,1.8423552741057,0.673108761115515,0,0,1.08533620881134e-05,20.7346254484017,1
1.09857911159189,1.01303858675857,0.445090933361277,0,0,1.98068406053394e-05,20.850356750109,1
0.889732834524291,0.795723498645941,0.663985128774296,0,0,1.95381560590562e-05,19.4403244513299,1
1.15398578246173,1.06436985442377,0.000995429883644761,0,0,2.85291169453478e-05,20.0100134714847,1
0.898870056189995,0.842127402829874,0.812155381551748,0,0,8.34040812885213e-05,17.5066711982277,1
0.00280710330977804,0.0947895631441042,0.385177887689647,0,0,4.50026017207098e-05,21.1203869809191,1
1.13640439473564,1.05208699384269,0.437690472115742,0,0,5.67418507907659e-05,20.7317974675863,1
0.101030203203013,0.00657566349451599,0.518478588575139,0,0,7.88428847429982e-05,21.4545723836907,1
0.812080734214768,0.868022052852439,0.293532792217223,0,0,0.000326548556492369,23.6201337217566,1
0.0296834885558928,0.111874046921514,0.228433429373602,0,0,1.22746905938967e-05,17.7835829154974,1
0.991083123992979,0.933048083104211,0.45354622614934,0,0,0.000184544021940247,23.2600266053286,1
1.79765113236646,1.86250542210388,0.293672127807319,0,0,5.93449971050268e-05,16.1745604205684,1
0.0575958333718597,0.00735868973904985,0.306067997464293,0,0,7.41083252070803e-05,24.3548017156394,1
0.0253809196640344,0.0797007383887376,0.603020806879474,0,0,6.23658552231381e-05,23.9475889721842,1
0.12045374998191,0.0434291358316727,0.703269312104242,0,0,7.61503087736229e-06,14.0978507650856,1
0.845918055309859,0.929352184885204,0.705509281462385,0,0,2.77093265539867e-05,16.2260593220208,1
0.907319547442369,0.979136455078134,0.4863498786722,0,0,4.89476470469973e-05,22.4565678358891,1
0.126444103528557,0.0587569048114744,0.930461567773089,0,0,3.27351277767109e-05,20.4905141471618,1
1.8136862730689,1.72844603855208,0.113450598443314,0,0,6.94730993458697e-06,19.1689629954735,1
1.81153921628557,1.88150930239394,0.351881244061338,0,0,1.93772731739495e-05,17.0001846967324,1
0.932085703311173,0.862678278606182,0.37825364291531,0,0,9.96206584543686e-05,20.4552415258199,1
1.7718844708127,1.86297132942889,0.0333142363747303,0,0,2.07392177513111e-05,20.2335220733575,1
0.862189563065801,0.952810391218634,0.662475313310061,0,0,8.69433733289288e-06,18.2468344216459,1
0.135710212810798,0.0470393706642085,0.501315242496883,0,0,2.42627988950435e-05,18.7940683079897,1
0.88829586863727,0.819743460176824,0.600426383905996,0,0,8.40826424190586e-06,15.6018241090127,1
0.0825807859566625,0.180563614440302,0.58520038764869,0,0,4.7429717095867e-05,19.4088017105426,1
0.0211776781412488,0.0439099465745016,0.195434403626918,0,0,7.6651934921226e-05,24.772473684896,1
0.888102888784061,0.976374141177132,0.0209133035763227,0,0,4.62131549735939e-05,21.2723539397741,1
1.04069828073775,1.11952488860288,0.520933488521312,0,0,3.5898044101515e-06,19.6176462045532,1
1.11809371306235,1.03164842315488,0.159834665688503,0,0,1.73534968897166e-05,14.0938523143078,1
0.956966110308831,1.01449830786069,0.716421939962163,0,0,5.01750152856581e-05,23.3604747783832,1
1.02921132541018,0.959414890260121,0.671554796324688,0,0,0.000107352525432448,21.60266570387,1
0.905907968481142,0.814555657116216,0.10709893157269,0,0,5.98544317935962e-05,20.9713770198653,1
0.0703426864449603,0.145597950253972,0.536599828302616,0,0,9.2477347161379e-05,22.3143217849413,1
0.123343049103602,0.0292845296285122,0.370940331580814,0,0,6.52050977455079e-06,12.7968221693511,1
0.0626695583974922,0.157637482585983,0.250062981250647,0,0,3.96987716348445e-05,21.5149843039943,1
0.124973145562829,0.0614384253939591,0.284884284849483,0,0,0.000100267256782935,21.7525841541709,1
1.79397203187276,1.86969922510681,0.328310708227429,0,0,5.08536851824958e-05,18.5019135847881,1
0.0897158557444432,0.184368750093199,0.595587757840836,0,0,1.78454147693912e-05,19.7492325024829,1
1.77599275510472,1.72041941296192,0.477651598481484,0,0,3.7552540758252e-05,20.1929590543805,1
1.81543898924944,1.90436419630026,0.723599313104955,0,0,2.40649064066854e-05,10.5363975294571,1
0.821995078458919,0.895734396949905,0.0923077806449726,0,0,0.00014508647728214,22.9861052473174,1
1.77306010201268,1.86212839978151,0.260672916944237,0,0,1.28528450637235e-05,17.6051437727532,1
0.918739006714802,0.982778150131907,0.332226885402996,0,0,7.97367821558154e-05,23.4416701079502,1
0.0282213785182759,0.104133190551295,0.448060076959768,0,0,9.68711008037263e-05,23.5166452224241,1
0.932089882384247,1.02566427266407,0.27047613247391,0,0,4.71250667614695e-05,20.7285801868184,1
1.12910033432123,1.03548156370891,0.685782173394202,0,0,1.23629035025185e-05,15.7300528205089,1
0.811279555627342,0.887773870508227,0.160234599013101,0,0,2.5202156529062e-05,17.4195214325893,1
0.788945809838576,0.69511986111803,0.366998142011592,0,0,4.51439717408559e-05,15.4410389036387,1
0.834094449160411,0.920257362548739,0.166054041220247,0,0,4.31803208027511e-05,21.6051234300625,1
1.1094271737142,1.19724342205956,0.435431496671846,0,0,1.75048554921634e-05,15.7962310929768,1
0.925802032853702,0.984100967388287,0.392553678678945,0,0,7.52306137318744e-05,21.3541697253256,1
0.00992077051234881,0.0441124603397895,0.419442564319622,0,0,0.000217448736725596,24.3425581247777,1
1.1415899392523,1.22536020178302,0.536146919769203,0,0,1.65935750914356e-05,20.4837285845352,1
0.988174574244689,1.04167727164821,0.197495190228109,0,0,0.000412482036448362,24.7268968520946,1
0.146208277820773,0.232748173007224,0.693720642206799,0,0,1.95379548115175e-05,21.5796181582203,1
0.00303811177028053,0.0825700348422629,0.404873678325018,0,0,3.21533156886921e-05,23.5872086641309,1
1.02287904574747,0.961514940985893,0.535405612633815,0,0,5.57781846708916e-05,23.4069668041797,1
0.818067884113068,0.902669095502802,0.134514335239,0,0,2.10877461443522e-05,19.0846122471451,1
0.833924966577502,0.889918524918215,0.346719909632984,0,0,0.000197010297759205,24.6825992013063,1
0.852145620066981,0.922486287744846,0.413135564465279,0,0,1.66075023299914e-05,21.6957502058193,1
0.880603519734648,0.955711225645672,0.126365392791122,0,0,4.25961898515508e-05,22.6837552706943,1
0.181528342306976,0.256196579501221,0.639921215798374,0,0,0.000106269809383386,23.1559186801788,1
1.0101090048685,0.927423198760266,0.217568446626441,0,0,3.32914135078991e-05,16.3264505264825,1
1.07035655424718,0.99670888330013,0.0441111609282436,0,0,7.83627728318103e-05,21.8876203257167,1
1.837722836218,1.76377086807827,0.256448482723101,0,0,9.252869526416e-06,6.77580659696151,1
0.1065973080846,0.199841711932493,0.33724299563327,0,0,1.83990222790118e-05,18.8210921391489,1
0.00600700332842793,0.079867289471963,0.161134322817764,0,0,4.40973017786676e-06,15.1681202096058,1
1.81852262503294,1.90698756376094,0.732247624235214,0,0,2.3366472642917e-05,20.019269722228,1
0.915002498277492,0.844243588384757,0.0638546940487141,0,0,2.08918346679011e-05,22.3721485567682,1
1.07661147913393,0.99987928699548,0.602089662095654,0,0,4.79009802511146e-05,19.4682069386872,1
0.117769683240156,0.0485493083742767,0.590096613135906,0,0,6.12894542430425e-05,23.7241670458416,1
1.00220014814423,0.937096091957358,0.295528602194249,0,0,6.03072882028824e-05,20.5948696273271,1
1.04626369766512,0.975221986586689,0.310577015460763,0,0,4.11200612247727e-05,22.1065357859714,1
0.102423758316021,0.166492855971001,0.499024772140708,0,0,0.000173887769353655,24.4040886632191,1
0.000197568436084653,0.0908938224413873,0.685035272500361,0,0,2.0424544105567e-05,22.4541899051916,1
0.955104823829708,0.880904859935555,0.811355081078084,0,0,4.02885432928012e-05,20.6496151613269,1
0.00926464605890059,0.0809169145817918,0.31644081041123,0,0,3.83376204002298e-05,22.1747277076243,1
0.0367782659674715,0.0394064827069656,0.157216920941533,0,0,3.46926587091931e-05,22.2253664301245,1
0.839900113513695,0.761640931819727,1.1448402401087,0,0,2.68005105192412e-06,16.0887657255802,1
0.0244353358200386,0.0677141905932785,0.459338671858895,0,0,1.03988274974873e-05,10.7407373870807,1
1.7716473061588,1.71612920446341,0.614416736014355,0,0,6.43239182244545e-05,22.3390492155201,1
0.857825230445832,0.782448925410989,0.514823783148632,0,0,4.39693354067372e-05,22.034488997181,1
0.987813957240884,1.05859851652431,0.372937259985776,0,0,5.89396255819819e-05,22.8573523889217,1
0.939933911773993,1.03116181163256,0.483124178392009,0,0,3.28802249046432e-05,20.2039332912078,1
0.0365784912407887,0.0268437455553965,0.767083480454886,0,0,0.000112896350264535,24.63309441676,1
0.903187275700624,0.837698576559347,0.563380421651573,0,0,3.24311794947581e-06,16.1630859814274,1
0.993509106396981,0.89768140798077,0.627408488974538,0,0,3.59477036920313e-05,20.8750289119816,1
1.05948922246755,0.962953287563721,0.0688049340326315,0,0,5.17418118900201e-05,20.0593619385404,1
0.972545492344711,1.03104223191551,0.564233256551599,0,0,1.6575595430382e-05,20.9864161380022,1
1.03418791088098,0.951933833899488,0.410326395823432,0,0,4.02037778809892e-05,20.2392771183482,1
129.826866875794,129.725763151905,1.57268702818969,0,0,1.13636852024138e-06,5.80029642502788,1
0.131918601918404,0.228393628691606,0.50287742362228,0,0,4.3416955252353e-05,21.4146030415847,1
1.7956569470423,1.84877386876454,0.262118942217548,0,0,0.000155437374393301,22.3796195932224,1
0.0745134953531841,0.00873856545331364,0.369252935315576,0,0,1.01953452682891e-05,16.0983924723889,1
0.15323333055064,0.22886689407693,0.188174840161242,0,0,8.32678533585101e-05,23.0287171650671,1
1.02771985292049,0.942254510634825,0.762958577354327,0,0,0.000109528726140971,21.3254301519752,1
0.18434972997807,0.239266485144213,0.145270688181613,0,0,8.57370375112971e-05,24.8647007304206,1
0.832770464813854,0.751665079798784,0.0789492702032382,0,0,6.7519216793671e-06,10.8802763643117,1
0.921980242018392,0.858170787947103,0.404121591728185,0,0,0.000206484881045614,23.1521336908264,1
0.144114172095076,0.0558977967726264,0.626380668017248,0,0,4.57164332969072e-05,17.721908172035,1
1.12151998151633,1.20988649206947,0.495673432808446,0,0,2.40764228460697e-05,20.1607225321656,1
0.00730121395711972,0.0599373360983577,0.901436498718687,0,0,5.10487096997641e-05,24.2793943455469,1
0.144122982482378,0.0642678762202991,0.136773133081109,0,0,4.20486673807812e-06,10.7905321565665,1
0.814871547325069,0.734540650795509,0.327003475584608,0,0,1.05973159082622e-05,17.2791451900883,1
1.09672791926188,1.16220522785309,0.764098522747769,0,0,7.22378555033325e-05,21.4652557202669,1
0.962588786953812,0.902406056999752,0.764213461838942,0,0,2.65654207151426e-05,13.2427607555076,1
1.81590686488791,1.72899153056665,0.0101400171343915,0,0,2.18946066086618e-05,20.0388291716291,1
0.917723336507692,0.859241098809463,0.323472511963098,0,0,0.000214498331703976,24.4731958010859,1
0.0314434740071231,0.0915018709181368,0.127919694931425,0,0,0.000183773661142524,25.1261857803663,1
0.183642217040634,0.126194711032326,0.56648436609972,0,0,7.26667860006532e-05,19.0741766061953,1
0.108911131663436,0.0250410463914363,0.00403888046709167,0,0,2.91755504965184e-05,12.6868474883308,1
1.01436364545133,1.10614344234841,0.689119989706457,0,0,7.29333774228979e-06,10.0733953170373,1
0.0869400353627622,0.00115776875338724,0.113493034110162,0,0,1.15345224853631e-05,19.3693255358042,1
1.04614659046936,1.11020298121082,0.545549168336031,0,0,3.72560914189988e-05,21.8194239439241,1
0.135914024928704,0.205047029763307,0.0806856793507613,0,0,1.46704842698186e-05,16.0645070628577,1
1.04876016416278,1.13649488374028,0.261773030913439,0,0,1.34880633662679e-05,20.4488815090748,1
1.06110046680643,0.978324628913299,0.90762762681172,0,0,1.91318954156184e-05,18.7008677012896,1
0.805500582701542,0.736130352155868,0.730789762789474,0,0,0.000132758876408545,23.144942171398,1
1.01491878041959,1.09341121447619,0.335120065094927,0,0,6.02224386380204e-05,21.9272267044987,1
0.838214297453319,0.764058878362391,0.236193979030944,0,0,9.78765743153394e-05,22.0869402799621,1
1.00693028704702,1.07879003776236,0.0323154017493004,0,0,0.000128605855871408,22.3736395288367,1
0.186337808254775,0.254215418551212,0.441927840211396,0,0,2.86196461915282e-05,17.3827406984457,1
0.897364295019081,0.962048329183801,0.696702009716436,0,0,0.000131994709640021,23.1124162310309,1
1.14480115322544,1.06104348119487,0.533634401208602,0,0,7.18145353083798e-05,20.4552117085742,1
1.13572298538517,1.04292265739832,0.720676803417899,0,0,1.27435688112229e-05,13.5630244004487,1
0.81484730237259,0.738460289188055,0.206785353330571,0,0,3.50050607704643e-05,21.145989956807,1
1.12556147092854,1.03893428083433,0.241075721945234,0,0,3.1597431507275e-05,20.611376779606,1
0.0115715717196925,0.103124006775033,0.525394109459089,0,0,5.08217736300023e-05,17.3071380026764,1
1.00663298086712,1.09785631652869,0.20993102533197,0,0,1.52579238872169e-05,11.0513145029719,1
1.04557613717466,0.957058001565315,0.364650648707888,0,0,3.86580293599969e-05,21.1982436097296,1
1.12349940628546,1.21396762533061,0.566009164248294,0,0,3.35043749756366e-05,20.4750030536898,1
0.00279577072647904,0.0942024948295739,0.36746568129789,0,0,5.64131036629447e-05,22.4125134818427,1
0.0605434367096939,0.0291103412097868,0.673057296802035,0,0,1.81874740377023e-05,21.131898640015,1
1.08938265388939,1.16273784932815,0.571361839373068,0,0,3.26216133593811e-05,21.7788453673862,1
1.22787315225463,1.15464121759004,0.024611409460443,0,0,7.11975673316771e-06,17.8317774785001,1
0.113907895278028,0.0497717796057771,0.0190486739731857,0,0,7.1297791135407e-05,22.9054608090997,1
0.0341634243430918,0.103117778701488,0.386025765409656,0,0,2.19031093626352e-05,22.5369352672061,1
1.15265231667395,1.22849075295343,0.449460477809152,0,0,6.94711351258893e-07,6.40236079663221,1
0.889673596328921,0.977440221857933,0.223770968586773,0,0,1.19806493340651e-05,18.5871349592836,1
0.989546953576469,1.08406279371792,0.344109202456679,0,0,4.06954351524793e-05,21.2677363975348,1
1.48053602388136,1.4155781333919,0.498785422270414,0,0,8.67110420026947e-06,20.4072728932851,1
1.15326134542151,1.09537221887663,0.314638710366186,0,0,3.4998955725599e-05,22.2065843992751,1
0.817565106425556,0.74000101942778,0.624278476032142,0,0,2.84805519558973e-05,22.3963223742781,1
0.978930026124812,1.06531423867995,0.558487800751571,0,0,4.49907583609306e-05,21.5329814943631,1
1.23973478889366,1.16619467160388,0.305105016585915,0,0,2.54442350938866e-05,20.9014112511955,1
0.820459900574078,0.746794269805463,0.360766628388033,0,0,0.00013817540535054,22.5370433512618,1
0.0756753664075467,0.0145011317041792,0.107698396454414,0,0,7.05336520835645e-06,15.1496996416553,1
1.10873039624981,1.01831638426239,0.20754674914282,0,0,5.17589953551551e-05,20.9870449983583,1
0.148003415009093,0.211880335496005,0.409763853838118,0,0,6.8439326179167e-06,18.6389804943154,1
1.06923133235105,1.0151691426511,0.379190414471253,0,0,6.46686925818476e-05,23.2548982890326,1
0.0880258666121891,0.179217068980961,0.267092039305346,0,0,2.92829187878824e-05,21.2666723978425,1
0.0492808393309507,0.105469349727144,0.518608298182026,0,0,0.000251093670907827,24.4820013700412,1
0.802422698348668,0.712016896263037,0.317589423395491,0,0,8.48783457256182e-06,16.1647349079552,1
0.959930771754975,1.04759184368402,0.0391714610637092,0,0,1.18801688609662e-06,8.42727839959986,1
1.05715686682634,0.991182824029437,0.455867118911525,0,0,3.89799783441805e-06,3.01797339715971,1
